,NISCode,NameFre,NameDut,NameGer,TransactionType,ParcelNature,ParcelsNumber,PriceP25,PriceP50,PriceP75,ParcelsAreaP25,ParcelsAreaP50,ParcelsAreaP75
0,11000,Arrondissement d'Anvers,Arrondissement Antwerpen,Bezirk Antwerpen,CESSION,1,14.0,300000.0,300000.0,300000.0,885.0,2146.5,5120.0
51,11000,Arrondissement d'Anvers,Arrondissement Antwerpen,Bezirk Antwerpen,CESSION,70,46.0,65010.0,150000.0,246000.0,42.0,157.5,382.0
59,11000,Arrondissement d'Anvers,Arrondissement Antwerpen,Bezirk Antwerpen,CESSION,78,24.0,72750.0,131950.0,226700.0,256.5,314.0,800.0
69,11000,Arrondissement d'Anvers,Arrondissement Antwerpen,Bezirk Antwerpen,CESSION,200,194.0,195000.0,252500.0,325000.0,163.0,258.0,653.0
78,11000,Arrondissement d'Anvers,Arrondissement Antwerpen,Bezirk Antwerpen,CESSION,222,13.0,153500.0,313500.0,647500.0,165.0,204.0,309.0
136,11000,Arrondissement d'Anvers,Arrondissement Antwerpen,Bezirk Antwerpen,CESSION,371,7.0,160000.0,230000.0,300000.0,187.0,472.0,756.0
155,11000,Arrondissement d'Anvers,Arrondissement Antwerpen,Bezirk Antwerpen,CESSION,407,13.0,90000.0,208888.88,245000.0,89.0,143.0,253.0
492,11000,Arrondissement d'Anvers,Arrondissement Antwerpen,Bezirk Antwerpen,DONATIMMEUB,1,11.0,210000.0,210000.0,210000.0,2195.0,4900.0,9145.0
493,11000,Arrondissement d'Anvers,Arrondissement Antwerpen,Bezirk Antwerpen,DONATIMMEUB,2,13.0,60000.0,65000.0,70000.0,1938.0,4930.0,10458.0
543,11000,Arrondissement d'Anvers,Arrondissement Antwerpen,Bezirk Antwerpen,DONATIMMEUB,70,14.0,42500.0,98750.0,185750.0,444.0,686.5,1245.0
551,11000,Arrondissement d'Anvers,Arrondissement Antwerpen,Bezirk Antwerpen,DONATIMMEUB,78,23.0,175000.0,200000.0,230000.0,764.0,950.0,1423.0
561,11000,Arrondissement d'Anvers,Arrondissement Antwerpen,Bezirk Antwerpen,DONATIMMEUB,200,177.0,200000.0,250000.0,380000.0,192.0,350.0,866.0
570,11000,Arrondissement d'Anvers,Arrondissement Antwerpen,Bezirk Antwerpen,DONATIMMEUB,222,15.0,262500.0,450000.0,527500.0,201.0,260.0,315.0
628,11000,Arrondissement d'Anvers,Arrondissement Antwerpen,Bezirk Antwerpen,DONATIMMEUB,371,8.0,100000.0,100000.0,100000.0,262.0,505.0,3739.0
647,11000,Arrondissement d'Anvers,Arrondissement Antwerpen,Bezirk Antwerpen,DONATIMMEUB,407,10.0,100000.0,205000.0,325000.0,90.0,133.0,1000.0
738,11000,Arrondissement d'Anvers,Arrondissement Antwerpen,Bezirk Antwerpen,OTHER,1,18.0,15000.0,16664.0,20000.0,2609.0,2938.5,6760.0
739,11000,Arrondissement d'Anvers,Arrondissement Antwerpen,Bezirk Antwerpen,OTHER,2,32.0,23845.0,35000.0,52500.0,1636.5,5255.5,7774.5
741,11000,Arrondissement d'Anvers,Arrondissement Antwerpen,Bezirk Antwerpen,OTHER,4,28.0,67500.0,67500.0,67500.0,56.5,311.5,840.0
746,11000,Arrondissement d'Anvers,Arrondissement Antwerpen,Bezirk Antwerpen,OTHER,9,8.0,4752.0,61719.0,118686.0,2134.5,2651.5,4211.0
789,11000,Arrondissement d'Anvers,Arrondissement Antwerpen,Bezirk Antwerpen,OTHER,70,82.0,35.0,4000.0,200000.0,138.0,390.0,1002.0
797,11000,Arrondissement d'Anvers,Arrondissement Antwerpen,Bezirk Antwerpen,OTHER,78,100.0,33300.0,172500.0,250000.0,302.5,595.5,1070.0
803,11000,Arrondissement d'Anvers,Arrondissement Antwerpen,Bezirk Antwerpen,OTHER,164,23.0,38000.0,38000.0,38000.0,222.0,525.0,1200.0
807,11000,Arrondissement d'Anvers,Arrondissement Antwerpen,Bezirk Antwerpen,OTHER,200,358.0,222500.0,275000.0,347500.0,179.0,308.0,719.0
811,11000,Arrondissement d'Anvers,Arrondissement Antwerpen,Bezirk Antwerpen,OTHER,204,11.0,15000.0,15000.0,15000.0,17.0,21.0,452.0
816,11000,Arrondissement d'Anvers,Arrondissement Antwerpen,Bezirk Antwerpen,OTHER,222,39.0,275000.0,512500.0,750000.0,140.0,245.0,373.0
874,11000,Arrondissement d'Anvers,Arrondissement Antwerpen,Bezirk Antwerpen,OTHER,371,12.0,3663039.7,3663039.7,3663039.7,405.0,1015.5,3860.5
888,11000,Arrondissement d'Anvers,Arrondissement Antwerpen,Bezirk Antwerpen,OTHER,402,6.0,171600.0,5785800.0,11400000.0,187.0,505.0,610.0
893,11000,Arrondissement d'Anvers,Arrondissement Antwerpen,Bezirk Antwerpen,OTHER,407,30.0,500.0,35000.0,250000.0,116.0,150.0,218.0
968,11000,Arrondissement d'Anvers,Arrondissement Antwerpen,Bezirk Antwerpen,OTHER,539,16.0,442050.0,442050.0,442050.0,20.5,584.0,1970.5
1043,11000,Arrondissement d'Anvers,Arrondissement Antwerpen,Bezirk Antwerpen,PARTAGE,78,5.0,220000.0,860000.0,1500000.0,856.0,967.0,974.0
1053,11000,Arrondissement d'Anvers,Arrondissement Antwerpen,Bezirk Antwerpen,PARTAGE,200,37.0,220000.0,290000.0,355000.0,199.0,494.0,1026.0
1230,11000,Arrondissement d'Anvers,Arrondissement Antwerpen,Bezirk Antwerpen,SUCCNALAT,1,73.0,12500.0,27500.0,48000.0,1036.0,3100.0,7230.0
1231,11000,Arrondissement d'Anvers,Arrondissement Antwerpen,Bezirk Antwerpen,SUCCNALAT,2,101.0,22000.0,51800.0,100000.0,3080.0,6000.0,11360.0
1232,11000,Arrondissement d'Anvers,Arrondissement Antwerpen,Bezirk Antwerpen,SUCCNALAT,3,10.0,25000.0,25000.0,26000.0,6190.0,6807.0,19345.0
1233,11000,Arrondissement d'Anvers,Arrondissement Antwerpen,Bezirk Antwerpen,SUCCNALAT,4,49.0,7500.0,40000.0,80000.0,267.0,502.0,881.0
1238,11000,Arrondissement d'Anvers,Arrondissement Antwerpen,Bezirk Antwerpen,SUCCNALAT,9,34.0,6800.0,10300.0,39525.0,1035.0,2034.0,4247.0
1255,11000,Arrondissement d'Anvers,Arrondissement Antwerpen,Bezirk Antwerpen,SUCCNALAT,33,19.0,600.0,600.0,600.0,355.0,633.0,2245.0
1281,11000,Arrondissement d'Anvers,Arrondissement Antwerpen,Bezirk Antwerpen,SUCCNALAT,70,29.0,7810.0,119500.0,191000.0,167.0,251.0,591.0
1289,11000,Arrondissement d'Anvers,Arrondissement Antwerpen,Bezirk Antwerpen,SUCCNALAT,78,27.0,16000.0,120000.0,150000.0,102.0,395.0,764.0
1299,11000,Arrondissement d'Anvers,Arrondissement Antwerpen,Bezirk Antwerpen,SUCCNALAT,200,864.0,180000.0,235000.0,300000.0,170.0,290.5,665.0
1302,11000,Arrondissement d'Anvers,Arrondissement Antwerpen,Bezirk Antwerpen,SUCCNALAT,203,5.0,35000.0,82500.0,130000.0,278.0,347.0,648.0
1303,11000,Arrondissement d'Anvers,Arrondissement Antwerpen,Bezirk Antwerpen,SUCCNALAT,204,52.0,15000.0,15000.0,20000.0,18.0,20.0,47.5
1308,11000,Arrondissement d'Anvers,Arrondissement Antwerpen,Bezirk Antwerpen,SUCCNALAT,222,32.0,220000.0,330000.0,380000.0,180.0,241.5,362.0
1310,11000,Arrondissement d'Anvers,Arrondissement Antwerpen,Bezirk Antwerpen,SUCCNALAT,240,10.0,185000.0,200000.0,412500.0,1360.0,2724.5,4818.0
1317,11000,Arrondissement d'Anvers,Arrondissement Antwerpen,Bezirk Antwerpen,SUCCNALAT,247,6.0,180000.0,180000.0,180000.0,63.0,798.5,3601.0
1385,11000,Arrondissement d'Anvers,Arrondissement Antwerpen,Bezirk Antwerpen,SUCCNALAT,407,29.0,175000.0,220000.0,300000.0,75.0,152.0,300.0
1433,11000,Arrondissement d'Anvers,Arrondissement Antwerpen,Bezirk Antwerpen,SUCCNALAT,503,18.0,8000.0,25000.0,140000.0,270.0,767.5,1364.5
1476,11000,Arrondissement d'Anvers,Arrondissement Antwerpen,Bezirk Antwerpen,VENTEIMMEUB,1,54.0,42500.0,110000.0,300080.0,630.0,3352.5,7900.0
1477,11000,Arrondissement d'Anvers,Arrondissement Antwerpen,Bezirk Antwerpen,VENTEIMMEUB,2,103.0,35989.0,80000.0,146400.0,2340.0,4430.0,11345.0
1478,11000,Arrondissement d'Anvers,Arrondissement Antwerpen,Bezirk Antwerpen,VENTEIMMEUB,3,11.0,14850.0,21350.0,237500.0,3215.0,7092.0,15510.0
1479,11000,Arrondissement d'Anvers,Arrondissement Antwerpen,Bezirk Antwerpen,VENTEIMMEUB,4,65.0,8000.0,70000.0,175000.0,180.0,427.0,669.0
1484,11000,Arrondissement d'Anvers,Arrondissement Antwerpen,Bezirk Antwerpen,VENTEIMMEUB,9,38.0,10432.8,55000.0,164000.0,648.0,1405.5,5152.0
1503,11000,Arrondissement d'Anvers,Arrondissement Antwerpen,Bezirk Antwerpen,VENTEIMMEUB,35,25.0,252000.0,284500.0,299000.0,137.0,155.0,1475.0
1527,11000,Arrondissement d'Anvers,Arrondissement Antwerpen,Bezirk Antwerpen,VENTEIMMEUB,70,169.0,20000.0,122000.0,245000.0,125.0,319.0,900.0
1535,11000,Arrondissement d'Anvers,Arrondissement Antwerpen,Bezirk Antwerpen,VENTEIMMEUB,78,194.0,140000.0,189500.0,262500.0,266.0,493.5,886.0
1545,11000,Arrondissement d'Anvers,Arrondissement Antwerpen,Bezirk Antwerpen,VENTEIMMEUB,200,1963.0,210000.0,266000.0,349000.0,140.0,228.0,504.0
1548,11000,Arrondissement d'Anvers,Arrondissement Antwerpen,Bezirk Antwerpen,VENTEIMMEUB,203,8.0,145000.0,165000.0,185000.0,72.0,198.5,355.5
1549,11000,Arrondissement d'Anvers,Arrondissement Antwerpen,Bezirk Antwerpen,VENTEIMMEUB,204,82.0,20000.0,25000.0,92000.0,16.0,18.0,44.0
1554,11000,Arrondissement d'Anvers,Arrondissement Antwerpen,Bezirk Antwerpen,VENTEIMMEUB,222,80.0,302750.0,360000.0,490000.0,125.0,192.5,279.5
1556,11000,Arrondissement d'Anvers,Arrondissement Antwerpen,Bezirk Antwerpen,VENTEIMMEUB,240,8.0,300000.0,480000.0,510000.0,889.5,1436.0,1927.0
1563,11000,Arrondissement d'Anvers,Arrondissement Antwerpen,Bezirk Antwerpen,VENTEIMMEUB,247,5.0,218200.0,218200.0,218200.0,1830.0,3871.0,7809.0
1569,11000,Arrondissement d'Anvers,Arrondissement Antwerpen,Bezirk Antwerpen,VENTEIMMEUB,265,9.0,145000.0,200000.0,340000.0,121.0,429.0,1252.0
1610,11000,Arrondissement d'Anvers,Arrondissement Antwerpen,Bezirk Antwerpen,VENTEIMMEUB,357,5.0,25000.0,125000.0,375000.0,225.0,578.0,5055.0
1612,11000,Arrondissement d'Anvers,Arrondissement Antwerpen,Bezirk Antwerpen,VENTEIMMEUB,371,27.0,400000.0,950000.0,2334600.0,425.0,1381.0,3620.0
1626,11000,Arrondissement d'Anvers,Arrondissement Antwerpen,Bezirk Antwerpen,VENTEIMMEUB,402,8.0,600000.0,620000.0,650000.0,156.0,449.5,2898.0
1631,11000,Arrondissement d'Anvers,Arrondissement Antwerpen,Bezirk Antwerpen,VENTEIMMEUB,407,120.0,190000.0,280500.0,439000.0,90.0,140.5,266.0
1679,11000,Arrondissement d'Anvers,Arrondissement Antwerpen,Bezirk Antwerpen,VENTEIMMEUB,503,18.0,10000.0,68500.0,140000.0,68.0,1040.0,2324.0
1706,11000,Arrondissement d'Anvers,Arrondissement Antwerpen,Bezirk Antwerpen,VENTEIMMEUB,539,25.0,6785.14,235000.0,415000.0,173.5,370.0,612.5
1791,11000,Arrondissement d'Anvers,Arrondissement Antwerpen,Bezirk Antwerpen,VENTEPUBIMMEUB,200,27.0,118000.0,149000.0,241000.0,105.0,239.0,789.0
1877,11000,Arrondissement d'Anvers,Arrondissement Antwerpen,Bezirk Antwerpen,VENTEPUBIMMEUB,407,7.0,176000.0,306029.68,1641029.68,65.0,120.0,155.0
1968,11000,Arrondissement d'Anvers,Arrondissement Antwerpen,Bezirk Antwerpen,TOTAL,1,182.0,17167.5,39000.0,117500.0,1036.0,3197.5,7230.0
1969,11000,Arrondissement d'Anvers,Arrondissement Antwerpen,Bezirk Antwerpen,TOTAL,2,282.0,24283.0,56800.0,106000.0,2440.0,5194.5,11595.0
1970,11000,Arrondissement d'Anvers,Arrondissement Antwerpen,Bezirk Antwerpen,TOTAL,3,34.0,19700.0,25000.0,26000.0,3215.0,6209.5,13902.0
1971,11000,Arrondissement d'Anvers,Arrondissement Antwerpen,Bezirk Antwerpen,TOTAL,4,176.0,8000.0,50000.0,100000.0,181.5,425.5,761.0
1976,11000,Arrondissement d'Anvers,Arrondissement Antwerpen,Bezirk Antwerpen,TOTAL,9,95.0,9500.0,17800.0,118686.0,957.0,1888.0,4385.0
1977,11000,Arrondissement d'Anvers,Arrondissement Antwerpen,Bezirk Antwerpen,TOTAL,10,10.0,30000.0,85000.0,262275.0,742.0,3023.0,5030.0
1993,11000,Arrondissement d'Anvers,Arrondissement Antwerpen,Bezirk Antwerpen,TOTAL,33,60.0,600.0,600.0,600.0,393.0,653.0,1449.5
1995,11000,Arrondissement d'Anvers,Arrondissement Antwerpen,Bezirk Antwerpen,TOTAL,35,50.0,252000.0,284500.0,299000.0,137.0,486.5,2020.0
1996,11000,Arrondissement d'Anvers,Arrondissement Antwerpen,Bezirk Antwerpen,TOTAL,36,8.0,14000.0,33000.0,49000.0,3237.0,5235.5,22434.0
2018,11000,Arrondissement d'Anvers,Arrondissement Antwerpen,Bezirk Antwerpen,TOTAL,69,5.0,91850.2,115925.1,140000.0,520.0,1493.0,2687.0
2019,11000,Arrondissement d'Anvers,Arrondissement Antwerpen,Bezirk Antwerpen,TOTAL,70,364.0,10000.0,120000.0,220000.0,129.5,372.0,946.5
2026,11000,Arrondissement d'Anvers,Arrondissement Antwerpen,Bezirk Antwerpen,TOTAL,77,10.0,3500.0,3500.0,3500.0,443.0,583.0,652.0
2027,11000,Arrondissement d'Anvers,Arrondissement Antwerpen,Bezirk Antwerpen,TOTAL,78,389.0,131250.0,182250.0,252577.9,291.0,565.0,973.0
2033,11000,Arrondissement d'Anvers,Arrondissement Antwerpen,Bezirk Antwerpen,TOTAL,164,28.0,38000.0,450000.0,522500.0,156.0,297.0,1014.0
2037,11000,Arrondissement d'Anvers,Arrondissement Antwerpen,Bezirk Antwerpen,TOTAL,200,3791.0,200000.0,260000.0,337920.5,155.0,260.0,621.5
2040,11000,Arrondissement d'Anvers,Arrondissement Antwerpen,Bezirk Antwerpen,TOTAL,203,21.0,130000.0,145000.0,185000.0,77.0,278.0,666.0
2041,11000,Arrondissement d'Anvers,Arrondissement Antwerpen,Bezirk Antwerpen,TOTAL,204,165.0,15000.0,19000.0,30000.0,17.0,20.0,53.0
2046,11000,Arrondissement d'Anvers,Arrondissement Antwerpen,Bezirk Antwerpen,TOTAL,222,191.0,285000.0,355000.0,480000.0,165.0,220.0,331.0
2048,11000,Arrondissement d'Anvers,Arrondissement Antwerpen,Bezirk Antwerpen,TOTAL,240,30.0,200000.0,265000.0,495000.0,1248.0,2175.5,3060.0
2053,11000,Arrondissement d'Anvers,Arrondissement Antwerpen,Bezirk Antwerpen,TOTAL,245,6.0,249000.0,249000.0,249000.0,246.0,3902.5,11803.0
2055,11000,Arrondissement d'Anvers,Arrondissement Antwerpen,Bezirk Antwerpen,TOTAL,247,22.0,10000.0,180000.0,218200.0,330.0,798.5,3871.0
2057,11000,Arrondissement d'Anvers,Arrondissement Antwerpen,Bezirk Antwerpen,TOTAL,261,8.0,280000.0,425000.0,5000000.0,538.5,1740.5,2659.5
2061,11000,Arrondissement d'Anvers,Arrondissement Antwerpen,Bezirk Antwerpen,TOTAL,265,14.0,145000.0,270000.0,750000.0,121.0,631.0,1552.0
2102,11000,Arrondissement d'Anvers,Arrondissement Antwerpen,Bezirk Antwerpen,TOTAL,357,7.0,75000.0,250000.0,1287500.0,225.0,2141.0,5055.0
2104,11000,Arrondissement d'Anvers,Arrondissement Antwerpen,Bezirk Antwerpen,TOTAL,371,62.0,295000.0,644494.88,2354800.0,338.5,850.5,2601.0
2105,11000,Arrondissement d'Anvers,Arrondissement Antwerpen,Bezirk Antwerpen,TOTAL,372,9.0,2642.18,3216.09,3790.0,17.0,18.0,34.0
2118,11000,Arrondissement d'Anvers,Arrondissement Antwerpen,Bezirk Antwerpen,TOTAL,402,15.0,385800.0,635000.0,1330500.0,177.0,563.0,2898.0
2123,11000,Arrondissement d'Anvers,Arrondissement Antwerpen,Bezirk Antwerpen,TOTAL,407,214.0,175500.0,260000.0,406000.0,91.0,145.0,255.0
2154,11000,Arrondissement d'Anvers,Arrondissement Antwerpen,Bezirk Antwerpen,TOTAL,460,9.0,900000.0,900000.0,900000.0,2137.0,3181.0,4333.0
2171,11000,Arrondissement d'Anvers,Arrondissement Antwerpen,Bezirk Antwerpen,TOTAL,503,41.0,8000.0,99000.0,200000.0,271.0,993.0,1385.0
2198,11000,Arrondissement d'Anvers,Arrondissement Antwerpen,Bezirk Antwerpen,TOTAL,539,50.0,20851.905,235000.0,428525.0,149.0,524.0,795.0
2214,12000,Arrondissement de Malines,Arrondissement Mechelen,Bezirk Mechelen,CESSION,1,32.0,47500.0,47500.0,47500.0,3112.5,5594.0,7562.5
2273,12000,Arrondissement de Malines,Arrondissement Mechelen,Bezirk Mechelen,CESSION,78,9.0,106666.0,112395.5,118125.0,532.0,578.0,765.0
2283,12000,Arrondissement de Malines,Arrondissement Mechelen,Bezirk Mechelen,CESSION,200,87.0,50000.0,96500.0,142505.0,227.0,440.0,832.0
2350,12000,Arrondissement de Malines,Arrondissement Mechelen,Bezirk Mechelen,CESSION,371,6.0,450000.0,450000.0,450000.0,438.0,612.5,6576.0
2706,12000,Arrondissement de Malines,Arrondissement Mechelen,Bezirk Mechelen,DONATIMMEUB,1,62.0,35500.0,77500.0,155000.0,2700.0,4979.0,7700.0
2708,12000,Arrondissement de Malines,Arrondissement Mechelen,Bezirk Mechelen,DONATIMMEUB,3,27.0,15800.0,15800.0,15800.0,3025.0,4445.0,7000.0
2709,12000,Arrondissement de Malines,Arrondissement Mechelen,Bezirk Mechelen,DONATIMMEUB,4,11.0,5040.0,5040.0,5040.0,270.0,513.0,581.0
2757,12000,Arrondissement de Malines,Arrondissement Mechelen,Bezirk Mechelen,DONATIMMEUB,70,11.0,113000.0,196500.0,280000.0,133.0,582.0,1848.0
2765,12000,Arrondissement de Malines,Arrondissement Mechelen,Bezirk Mechelen,DONATIMMEUB,78,22.0,142500.0,155000.0,170500.0,482.0,903.5,1010.0
2775,12000,Arrondissement de Malines,Arrondissement Mechelen,Bezirk Mechelen,DONATIMMEUB,200,97.0,160000.0,220000.0,300000.0,240.0,500.0,872.0
2786,12000,Arrondissement de Malines,Arrondissement Mechelen,Bezirk Mechelen,DONATIMMEUB,240,5.0,233333.34,233333.34,233333.34,2647.0,3760.0,5053.0
2861,12000,Arrondissement de Malines,Arrondissement Mechelen,Bezirk Mechelen,DONATIMMEUB,407,5.0,300000.0,375000.0,450000.0,130.0,178.0,257.0
2936,12000,Arrondissement de Malines,Arrondissement Mechelen,Bezirk Mechelen,DONATIMMEUB,539,5.0,240000.0,255000.0,270000.0,728.0,933.0,1468.0
2952,12000,Arrondissement de Malines,Arrondissement Mechelen,Bezirk Mechelen,OTHER,1,64.0,14988.0,21008.5,23071.0,2942.0,5458.5,8265.0
3003,12000,Arrondissement de Malines,Arrondissement Mechelen,Bezirk Mechelen,OTHER,70,84.0,90000.0,197000.0,686000.0,67.0,717.5,1838.0
3011,12000,Arrondissement de Malines,Arrondissement Mechelen,Bezirk Mechelen,OTHER,78,30.0,30000.0,92012.78,139512.78,512.0,835.0,1750.0
3021,12000,Arrondissement de Malines,Arrondissement Mechelen,Bezirk Mechelen,OTHER,200,188.0,117500.0,217500.0,302500.0,243.5,493.0,946.0
3024,12000,Arrondissement de Malines,Arrondissement Mechelen,Bezirk Mechelen,OTHER,203,5.0,120000.0,120000.0,120000.0,132.0,889.0,2164.0
3030,12000,Arrondissement de Malines,Arrondissement Mechelen,Bezirk Mechelen,OTHER,222,7.0,1239.47,1239.47,1239.47,120.0,210.0,1794.0
3107,12000,Arrondissement de Malines,Arrondissement Mechelen,Bezirk Mechelen,OTHER,407,9.0,16000.0,108000.0,200000.0,80.0,398.0,755.0
3182,12000,Arrondissement de Malines,Arrondissement Mechelen,Bezirk Mechelen,OTHER,539,7.0,594000.0,594000.0,594000.0,11.0,118.0,558.0
3267,12000,Arrondissement de Malines,Arrondissement Mechelen,Bezirk Mechelen,PARTAGE,200,10.0,54951.2,66368.99,81701.99,360.0,754.5,1257.0
3444,12000,Arrondissement de Malines,Arrondissement Mechelen,Bezirk Mechelen,SUCCNALAT,1,175.0,10025.0,17222.5,65066.25,1530.0,3219.0,5010.0
3445,12000,Arrondissement de Malines,Arrondissement Mechelen,Bezirk Mechelen,SUCCNALAT,2,39.0,16445.0,27187.5,707643.5,3266.0,4963.0,6970.0
3446,12000,Arrondissement de Malines,Arrondissement Mechelen,Bezirk Mechelen,SUCCNALAT,3,29.0,5000.0,8375.0,12000.0,2100.0,3780.0,4679.0
3447,12000,Arrondissement de Malines,Arrondissement Mechelen,Bezirk Mechelen,SUCCNALAT,4,36.0,5000.0,12000.0,98500.0,320.0,494.0,731.5
3448,12000,Arrondissement de Malines,Arrondissement Mechelen,Bezirk Mechelen,SUCCNALAT,5,15.0,5000.0,36743.5,53560.0,440.0,2836.0,5356.0
3452,12000,Arrondissement de Malines,Arrondissement Mechelen,Bezirk Mechelen,SUCCNALAT,9,31.0,1000.0,7500.0,19305.0,1055.0,3350.0,6190.0
3469,12000,Arrondissement de Malines,Arrondissement Mechelen,Bezirk Mechelen,SUCCNALAT,33,7.0,3200.0,3200.0,3200.0,471.0,640.0,1055.0
3495,12000,Arrondissement de Malines,Arrondissement Mechelen,Bezirk Mechelen,SUCCNALAT,70,11.0,15000.0,22500.0,102500.0,60.0,265.0,749.0
3503,12000,Arrondissement de Malines,Arrondissement Mechelen,Bezirk Mechelen,SUCCNALAT,78,18.0,150000.0,260000.0,7687519.0,305.0,760.0,1219.0
3513,12000,Arrondissement de Malines,Arrondissement Mechelen,Bezirk Mechelen,SUCCNALAT,200,408.0,175000.0,215000.0,275000.0,170.0,385.0,794.0
3517,12000,Arrondissement de Malines,Arrondissement Mechelen,Bezirk Mechelen,SUCCNALAT,204,19.0,15000.0,20000.0,30000.0,19.0,30.0,132.0
3522,12000,Arrondissement de Malines,Arrondissement Mechelen,Bezirk Mechelen,SUCCNALAT,222,11.0,280000.0,400000.0,620000.0,219.0,267.0,482.0
3524,12000,Arrondissement de Malines,Arrondissement Mechelen,Bezirk Mechelen,SUCCNALAT,240,6.0,235000.0,250000.0,430000.0,560.0,680.0,4580.0
3580,12000,Arrondissement de Malines,Arrondissement Mechelen,Bezirk Mechelen,SUCCNALAT,371,5.0,100000.0,100000.0,100000.0,740.0,888.0,1540.0
3599,12000,Arrondissement de Malines,Arrondissement Mechelen,Bezirk Mechelen,SUCCNALAT,407,11.0,216000.0,250000.0,285000.0,130.0,340.0,710.0
3690,12000,Arrondissement de Malines,Arrondissement Mechelen,Bezirk Mechelen,VENTEIMMEUB,1,112.0,14524.5,29000.0,118760.0,1469.5,3259.5,5912.0
3691,12000,Arrondissement de Malines,Arrondissement Mechelen,Bezirk Mechelen,VENTEIMMEUB,2,23.0,25000.0,93360.0,198590.0,1885.0,2856.0,5674.0
3692,12000,Arrondissement de Malines,Arrondissement Mechelen,Bezirk Mechelen,VENTEIMMEUB,3,26.0,3750.0,5386.0,9790.0,2416.0,3879.0,5568.0
3693,12000,Arrondissement de Malines,Arrondissement Mechelen,Bezirk Mechelen,VENTEIMMEUB,4,38.0,2250.0,18000.0,33870.0,154.0,397.0,700.0
3694,12000,Arrondissement de Malines,Arrondissement Mechelen,Bezirk Mechelen,VENTEIMMEUB,5,8.0,27760.0,38880.0,50000.0,645.0,1600.0,2516.0
3698,12000,Arrondissement de Malines,Arrondissement Mechelen,Bezirk Mechelen,VENTEIMMEUB,9,36.0,38340.0,118670.0,199000.0,1280.0,2338.5,7755.0
3741,12000,Arrondissement de Malines,Arrondissement Mechelen,Bezirk Mechelen,VENTEIMMEUB,70,152.0,555.0,15665.0,153000.0,32.5,269.0,827.5
3749,12000,Arrondissement de Malines,Arrondissement Mechelen,Bezirk Mechelen,VENTEIMMEUB,78,118.0,145000.0,195600.0,295837.0,346.0,584.5,824.0
3759,12000,Arrondissement de Malines,Arrondissement Mechelen,Bezirk Mechelen,VENTEIMMEUB,200,661.0,197415.5,257750.0,329000.0,135.0,281.0,633.0
3762,12000,Arrondissement de Malines,Arrondissement Mechelen,Bezirk Mechelen,VENTEIMMEUB,203,6.0,481288.49,481288.49,481288.49,50.0,323.0,572.0
3763,12000,Arrondissement de Malines,Arrondissement Mechelen,Bezirk Mechelen,VENTEIMMEUB,204,23.0,15000.0,20000.0,90000.0,19.0,34.0,160.0
3768,12000,Arrondissement de Malines,Arrondissement Mechelen,Bezirk Mechelen,VENTEIMMEUB,222,9.0,295000.0,375000.0,600000.0,158.0,253.0,546.0
3826,12000,Arrondissement de Malines,Arrondissement Mechelen,Bezirk Mechelen,VENTEIMMEUB,371,12.0,256250.0,550000.0,853750.0,708.5,1310.0,4518.0
3845,12000,Arrondissement de Malines,Arrondissement Mechelen,Bezirk Mechelen,VENTEIMMEUB,407,34.0,196414.0,229653.2,320000.0,109.0,207.5,401.0
3891,12000,Arrondissement de Malines,Arrondissement Mechelen,Bezirk Mechelen,VENTEIMMEUB,501,5.0,25000.0,25000.0,25000.0,881.0,1215.0,4293.0
3893,12000,Arrondissement de Malines,Arrondissement Mechelen,Bezirk Mechelen,VENTEIMMEUB,503,9.0,19500.0,67000.0,170000.0,818.0,872.0,1360.0
3920,12000,Arrondissement de Malines,Arrondissement Mechelen,Bezirk Mechelen,VENTEIMMEUB,539,12.0,17000.0,90000.0,330000.0,72.5,441.5,707.5
3995,12000,Arrondissement de Malines,Arrondissement Mechelen,Bezirk Mechelen,VENTEPUBIMMEUB,78,6.0,154000.0,154000.0,154000.0,372.0,635.5,802.0
4005,12000,Arrondissement de Malines,Arrondissement Mechelen,Bezirk Mechelen,VENTEPUBIMMEUB,200,29.0,127500.0,174500.0,206500.0,166.0,253.0,495.0
4182,12000,Arrondissement de Malines,Arrondissement Mechelen,Bezirk Mechelen,TOTAL,1,478.0,12000.0,22000.0,81322.5,1666.0,3650.0,6685.0
4183,12000,Arrondissement de Malines,Arrondissement Mechelen,Bezirk Mechelen,TOTAL,2,88.0,17890.0,30000.0,200000.0,2605.5,5025.0,7459.5
4184,12000,Arrondissement de Malines,Arrondissement Mechelen,Bezirk Mechelen,TOTAL,3,100.0,4500.0,6750.0,13308.0,2340.5,3930.0,5935.0
4185,12000,Arrondissement de Malines,Arrondissement Mechelen,Bezirk Mechelen,TOTAL,4,119.0,5000.0,12000.0,50000.0,265.0,463.0,725.0
4186,12000,Arrondissement de Malines,Arrondissement Mechelen,Bezirk Mechelen,TOTAL,5,43.0,14747.5,38376.0,51780.0,785.0,2203.0,3606.0
4190,12000,Arrondissement de Malines,Arrondissement Mechelen,Bezirk Mechelen,TOTAL,9,83.0,5500.0,8760.0,38340.0,1135.0,2610.0,7290.0
4191,12000,Arrondissement de Malines,Arrondissement Mechelen,Bezirk Mechelen,TOTAL,10,7.0,100000.0,100000.0,100000.0,2130.0,2376.0,3353.0
4207,12000,Arrondissement de Malines,Arrondissement Mechelen,Bezirk Mechelen,TOTAL,33,22.0,3200.0,3200.0,3200.0,388.0,714.5,1220.0
4209,12000,Arrondissement de Malines,Arrondissement Mechelen,Bezirk Mechelen,TOTAL,35,16.0,155900.0,155900.0,155900.0,725.0,6934.5,24598.5
4210,12000,Arrondissement de Malines,Arrondissement Mechelen,Bezirk Mechelen,TOTAL,36,7.0,20880.0,20880.0,20880.0,1500.0,2088.0,16245.0
4232,12000,Arrondissement de Malines,Arrondissement Mechelen,Bezirk Mechelen,TOTAL,69,7.0,30000.0,30000.0,30000.0,6748.0,7951.0,30595.0
4233,12000,Arrondissement de Malines,Arrondissement Mechelen,Bezirk Mechelen,TOTAL,70,291.0,907.5,27000.0,189000.0,55.0,331.0,1059.0
4241,12000,Arrondissement de Malines,Arrondissement Mechelen,Bezirk Mechelen,TOTAL,78,217.0,139512.78,181250.0,290418.5,369.0,670.0,919.0
4251,12000,Arrondissement de Malines,Arrondissement Mechelen,Bezirk Mechelen,TOTAL,200,1556.0,173000.0,235000.0,305000.0,170.0,360.0,774.0
4254,12000,Arrondissement de Malines,Arrondissement Mechelen,Bezirk Mechelen,TOTAL,203,20.0,10000.0,120000.0,481288.49,45.0,130.0,1125.0
4255,12000,Arrondissement de Malines,Arrondissement Mechelen,Bezirk Mechelen,TOTAL,204,53.0,15000.0,20000.0,35000.0,19.0,38.0,158.0
4260,12000,Arrondissement de Malines,Arrondissement Mechelen,Bezirk Mechelen,TOTAL,222,36.0,275000.0,362500.0,500000.0,148.5,247.0,419.0
4262,12000,Arrondissement de Malines,Arrondissement Mechelen,Bezirk Mechelen,TOTAL,240,20.0,234166.67,242500.0,340000.0,487.5,740.5,4170.0
4269,12000,Arrondissement de Malines,Arrondissement Mechelen,Bezirk Mechelen,TOTAL,247,13.0,34000.0,87500.0,190262.5,106.0,168.0,359.0
4318,12000,Arrondissement de Malines,Arrondissement Mechelen,Bezirk Mechelen,TOTAL,371,38.0,131250.0,400000.0,750000.0,457.0,1285.5,4784.0
4337,12000,Arrondissement de Malines,Arrondissement Mechelen,Bezirk Mechelen,TOTAL,407,65.0,188207.0,229653.2,314500.0,110.0,200.0,431.0
4343,12000,Arrondissement de Malines,Arrondissement Mechelen,Bezirk Mechelen,TOTAL,413,5.0,3200000.0,3200000.0,3200000.0,1803.0,2711.0,4053.0
4383,12000,Arrondissement de Malines,Arrondissement Mechelen,Bezirk Mechelen,TOTAL,501,7.0,25000.0,62500.0,100000.0,212.0,1215.0,9190.0
4385,12000,Arrondissement de Malines,Arrondissement Mechelen,Bezirk Mechelen,TOTAL,503,14.0,12500.0,50500.0,120000.0,388.5,827.5,1230.0
4412,12000,Arrondissement de Malines,Arrondissement Mechelen,Bezirk Mechelen,TOTAL,539,26.0,17000.0,130000.0,330000.0,56.0,477.0,919.0
4428,13000,Arrondissement de Turnhout,Arrondissement Turnhout,Bezirk Turnhout,CESSION,1,38.0,10212.5,11606.25,13000.0,2858.0,3997.5,8343.0
4436,13000,Arrondissement de Turnhout,Arrondissement Turnhout,Bezirk Turnhout,CESSION,9,9.0,12000.0,12000.0,12000.0,1491.0,2236.0,8384.0
4479,13000,Arrondissement de Turnhout,Arrondissement Turnhout,Bezirk Turnhout,CESSION,70,124.0,20000.0,20000.0,20000.0,47.0,76.5,273.5
4487,13000,Arrondissement de Turnhout,Arrondissement Turnhout,Bezirk Turnhout,CESSION,78,6.0,100000.0,148240.0,180000.0,513.0,895.0,1138.0
4497,13000,Arrondissement de Turnhout,Arrondissement Turnhout,Bezirk Turnhout,CESSION,200,102.0,57000.0,141666.66,235000.0,326.0,725.0,1062.0
4920,13000,Arrondissement de Turnhout,Arrondissement Turnhout,Bezirk Turnhout,DONATIMMEUB,1,92.0,67500.0,100000.0,135000.0,1938.5,4226.0,8945.0
4921,13000,Arrondissement de Turnhout,Arrondissement Turnhout,Bezirk Turnhout,DONATIMMEUB,2,50.0,25840.0,107911.25,189982.5,2970.0,5405.5,9322.0
4922,13000,Arrondissement de Turnhout,Arrondissement Turnhout,Bezirk Turnhout,DONATIMMEUB,3,24.0,15429.6,15429.6,15429.6,1994.5,3821.5,7702.0
4923,13000,Arrondissement de Turnhout,Arrondissement Turnhout,Bezirk Turnhout,DONATIMMEUB,4,15.0,8000.0,8000.0,8000.0,417.0,503.0,541.0
4928,13000,Arrondissement de Turnhout,Arrondissement Turnhout,Bezirk Turnhout,DONATIMMEUB,9,26.0,2000.0,2000.0,2000.0,1985.0,2370.5,5500.0
4971,13000,Arrondissement de Turnhout,Arrondissement Turnhout,Bezirk Turnhout,DONATIMMEUB,70,25.0,5000.0,10000.0,30000.0,417.0,1079.0,14773.0
4979,13000,Arrondissement de Turnhout,Arrondissement Turnhout,Bezirk Turnhout,DONATIMMEUB,78,61.0,100000.0,140000.0,150000.0,587.0,772.0,936.0
4989,13000,Arrondissement de Turnhout,Arrondissement Turnhout,Bezirk Turnhout,DONATIMMEUB,200,139.0,170000.0,220000.0,290000.0,422.0,800.0,1625.0
4993,13000,Arrondissement de Turnhout,Arrondissement Turnhout,Bezirk Turnhout,DONATIMMEUB,204,6.0,45666.67,58833.335,72000.0,331.0,366.0,1029.0
4998,13000,Arrondissement de Turnhout,Arrondissement Turnhout,Bezirk Turnhout,DONATIMMEUB,222,11.0,262500.0,465000.0,690000.0,204.0,370.0,1089.0
5000,13000,Arrondissement de Turnhout,Arrondissement Turnhout,Bezirk Turnhout,DONATIMMEUB,240,7.0,220000.0,236160.0,252320.0,1171.0,1410.0,4131.0
5166,13000,Arrondissement de Turnhout,Arrondissement Turnhout,Bezirk Turnhout,OTHER,1,85.0,4533.0,4533.0,4533.0,274.0,997.0,3528.0
5169,13000,Arrondissement de Turnhout,Arrondissement Turnhout,Bezirk Turnhout,OTHER,4,15.0,165000.0,165000.0,165000.0,330.0,430.0,1400.0
5174,13000,Arrondissement de Turnhout,Arrondissement Turnhout,Bezirk Turnhout,OTHER,9,8.0,12640.0,12640.0,12640.0,2387.5,4302.5,6421.5
5193,13000,Arrondissement de Turnhout,Arrondissement Turnhout,Bezirk Turnhout,OTHER,35,6.0,16000.0,40500.0,65000.0,1164.0,3767.5,7280.0
5217,13000,Arrondissement de Turnhout,Arrondissement Turnhout,Bezirk Turnhout,OTHER,70,64.0,135000.0,176575.0,200000.0,142.5,365.5,895.5
5225,13000,Arrondissement de Turnhout,Arrondissement Turnhout,Bezirk Turnhout,OTHER,78,91.0,3125.0,17200.0,143700.0,430.0,787.0,1000.0
5235,13000,Arrondissement de Turnhout,Arrondissement Turnhout,Bezirk Turnhout,OTHER,200,243.0,151613.14,215000.0,290000.0,492.0,810.0,1228.0
5253,13000,Arrondissement de Turnhout,Arrondissement Turnhout,Bezirk Turnhout,OTHER,247,8.0,5000.0,5000.0,5000.0,136.0,406.5,3480.5
5412,13000,Arrondissement de Turnhout,Arrondissement Turnhout,Bezirk Turnhout,PARTAGE,1,30.0,6000.0,6000.0,6000.0,1824.0,4209.5,9263.0
5463,13000,Arrondissement de Turnhout,Arrondissement Turnhout,Bezirk Turnhout,PARTAGE,70,15.0,4450.0,4450.0,4450.0,154.0,1090.0,4098.0
5481,13000,Arrondissement de Turnhout,Arrondissement Turnhout,Bezirk Turnhout,PARTAGE,200,52.0,75000.0,240000.0,280000.0,389.5,766.0,1093.0
5658,13000,Arrondissement de Turnhout,Arrondissement Turnhout,Bezirk Turnhout,SUCCNALAT,1,378.0,8000.0,20000.0,92645.0,1246.0,3230.0,5432.0
5659,13000,Arrondissement de Turnhout,Arrondissement Turnhout,Bezirk Turnhout,SUCCNALAT,2,181.0,11350.0,22487.0,60000.0,2161.0,4181.0,7330.0
5660,13000,Arrondissement de Turnhout,Arrondissement Turnhout,Bezirk Turnhout,SUCCNALAT,3,105.0,4000.0,8750.0,18465.0,1855.0,3150.0,5075.0
5661,13000,Arrondissement de Turnhout,Arrondissement Turnhout,Bezirk Turnhout,SUCCNALAT,4,43.0,4263.25,8850.0,70000.0,262.0,575.0,1240.0
5666,13000,Arrondissement de Turnhout,Arrondissement Turnhout,Bezirk Turnhout,SUCCNALAT,9,166.0,2850.0,6757.5,20280.0,2002.0,3977.5,8340.0
5683,13000,Arrondissement de Turnhout,Arrondissement Turnhout,Bezirk Turnhout,SUCCNALAT,33,32.0,500.0,1695.0,5478.0,154.0,770.0,1450.0
5685,13000,Arrondissement de Turnhout,Arrondissement Turnhout,Bezirk Turnhout,SUCCNALAT,35,36.0,3902.5,7650.0,25395.0,1132.5,2558.0,6842.5
5686,13000,Arrondissement de Turnhout,Arrondissement Turnhout,Bezirk Turnhout,SUCCNALAT,36,12.0,2525.0,10000.0,21118.18,1022.0,2041.0,4962.5
5709,13000,Arrondissement de Turnhout,Arrondissement Turnhout,Bezirk Turnhout,SUCCNALAT,70,35.0,9882.0,85000.0,148000.0,249.0,657.0,1296.0
5717,13000,Arrondissement de Turnhout,Arrondissement Turnhout,Bezirk Turnhout,SUCCNALAT,78,50.0,100000.0,160000.0,179000.0,623.0,819.0,1099.0
5727,13000,Arrondissement de Turnhout,Arrondissement Turnhout,Bezirk Turnhout,SUCCNALAT,200,684.0,172100.0,205000.0,250000.0,397.5,709.5,1114.5
5730,13000,Arrondissement de Turnhout,Arrondissement Turnhout,Bezirk Turnhout,SUCCNALAT,203,13.0,40000.0,40000.0,75000.0,359.0,1015.0,1760.0
5731,13000,Arrondissement de Turnhout,Arrondissement Turnhout,Bezirk Turnhout,SUCCNALAT,204,13.0,5000.0,155000.0,375000.0,56.0,312.0,600.0
5736,13000,Arrondissement de Turnhout,Arrondissement Turnhout,Bezirk Turnhout,SUCCNALAT,222,14.0,185000.0,240000.0,450000.0,250.0,334.5,490.0
5738,13000,Arrondissement de Turnhout,Arrondissement Turnhout,Bezirk Turnhout,SUCCNALAT,240,20.0,250000.0,276000.0,300000.0,1358.0,1906.5,3425.0
5745,13000,Arrondissement de Turnhout,Arrondissement Turnhout,Bezirk Turnhout,SUCCNALAT,247,14.0,5108.0,78108.0,167500.0,200.0,780.0,1554.0
5794,13000,Arrondissement de Turnhout,Arrondissement Turnhout,Bezirk Turnhout,SUCCNALAT,371,5.0,20000.0,30000.0,40000.0,425.0,5318.0,7000.0
5813,13000,Arrondissement de Turnhout,Arrondissement Turnhout,Bezirk Turnhout,SUCCNALAT,407,15.0,185000.0,270000.0,300000.0,289.0,435.0,1187.0
5817,13000,Arrondissement de Turnhout,Arrondissement Turnhout,Bezirk Turnhout,SUCCNALAT,411,5.0,200000.0,200000.0,200000.0,962.0,962.0,1293.0
5861,13000,Arrondissement de Turnhout,Arrondissement Turnhout,Bezirk Turnhout,SUCCNALAT,503,28.0,15000.0,31000.0,68750.0,555.5,1235.0,2132.0
5904,13000,Arrondissement de Turnhout,Arrondissement Turnhout,Bezirk Turnhout,VENTEIMMEUB,1,217.0,29425.0,73900.0,128000.0,550.0,1995.0,5011.0
5905,13000,Arrondissement de Turnhout,Arrondissement Turnhout,Bezirk Turnhout,VENTEIMMEUB,2,96.0,37890.0,99500.0,205975.0,2167.0,5215.0,11694.5
5906,13000,Arrondissement de Turnhout,Arrondissement Turnhout,Bezirk Turnhout,VENTEIMMEUB,3,48.0,7000.0,15000.0,20000.0,2267.0,3638.5,5695.0
5907,13000,Arrondissement de Turnhout,Arrondissement Turnhout,Bezirk Turnhout,VENTEIMMEUB,4,57.0,12500.0,67500.0,110000.0,167.0,385.0,660.0
5912,13000,Arrondissement de Turnhout,Arrondissement Turnhout,Bezirk Turnhout,VENTEIMMEUB,9,99.0,4500.0,12590.0,18349.5,1474.0,3344.0,6840.0
5929,13000,Arrondissement de Turnhout,Arrondissement Turnhout,Bezirk Turnhout,VENTEIMMEUB,33,12.0,1500.0,1500.0,1500.0,452.0,1948.0,6280.0
5931,13000,Arrondissement de Turnhout,Arrondissement Turnhout,Bezirk Turnhout,VENTEIMMEUB,35,20.0,7000.0,10750.0,17500.0,2401.0,4016.5,6133.5
5932,13000,Arrondissement de Turnhout,Arrondissement Turnhout,Bezirk Turnhout,VENTEIMMEUB,36,14.0,6150.0,7000.0,15000.0,2030.0,2552.0,10000.0
5942,13000,Arrondissement de Turnhout,Arrondissement Turnhout,Bezirk Turnhout,VENTEIMMEUB,50,7.0,375000.0,375000.0,375000.0,1306.0,5000.0,15373.0
5955,13000,Arrondissement de Turnhout,Arrondissement Turnhout,Bezirk Turnhout,VENTEIMMEUB,70,210.0,4300.0,14657.955,115000.0,36.0,282.0,680.0
5963,13000,Arrondissement de Turnhout,Arrondissement Turnhout,Bezirk Turnhout,VENTEIMMEUB,78,250.0,110000.0,145000.0,207500.0,335.0,555.0,809.0
5973,13000,Arrondissement de Turnhout,Arrondissement Turnhout,Bezirk Turnhout,VENTEIMMEUB,200,825.0,202000.0,255000.0,315000.0,300.0,629.0,1004.0
5976,13000,Arrondissement de Turnhout,Arrondissement Turnhout,Bezirk Turnhout,VENTEIMMEUB,203,9.0,27551.5,143775.75,260000.0,132.0,331.0,1509.0
5977,13000,Arrondissement de Turnhout,Arrondissement Turnhout,Bezirk Turnhout,VENTEIMMEUB,204,15.0,11300.0,23750.0,72000.0,18.0,35.0,346.0
5982,13000,Arrondissement de Turnhout,Arrondissement Turnhout,Bezirk Turnhout,VENTEIMMEUB,222,11.0,185000.0,285000.0,340000.0,177.0,322.0,588.0
5984,13000,Arrondissement de Turnhout,Arrondissement Turnhout,Bezirk Turnhout,VENTEIMMEUB,240,9.0,217500.0,267500.0,325000.0,1470.0,1984.0,2183.0
6040,13000,Arrondissement de Turnhout,Arrondissement Turnhout,Bezirk Turnhout,VENTEIMMEUB,371,15.0,225000.0,605000.0,2400000.0,620.0,1598.0,9469.0
6059,13000,Arrondissement de Turnhout,Arrondissement Turnhout,Bezirk Turnhout,VENTEIMMEUB,407,30.0,220000.0,270000.0,340000.0,178.0,397.0,749.0
6107,13000,Arrondissement de Turnhout,Arrondissement Turnhout,Bezirk Turnhout,VENTEIMMEUB,503,46.0,7750.0,34500.0,144500.0,240.0,979.5,1578.0
6134,13000,Arrondissement de Turnhout,Arrondissement Turnhout,Bezirk Turnhout,VENTEIMMEUB,539,16.0,200620.0,255000.0,265000.0,55.5,314.5,618.5
6150,13000,Arrondissement de Turnhout,Arrondissement Turnhout,Bezirk Turnhout,VENTEPUBIMMEUB,1,6.0,21000.0,21000.0,21000.0,882.0,2384.0,3033.0
6219,13000,Arrondissement de Turnhout,Arrondissement Turnhout,Bezirk Turnhout,VENTEPUBIMMEUB,200,33.0,140000.0,193000.0,245000.0,239.0,742.0,1172.0
6396,13000,Arrondissement de Turnhout,Arrondissement Turnhout,Bezirk Turnhout,TOTAL,1,916.0,9000.0,29428.0,110000.0,1025.0,2948.0,5857.5
6397,13000,Arrondissement de Turnhout,Arrondissement Turnhout,Bezirk Turnhout,TOTAL,2,428.0,12760.0,28709.5,96048.5,2319.5,4707.5,9645.5
6398,13000,Arrondissement de Turnhout,Arrondissement Turnhout,Bezirk Turnhout,TOTAL,3,245.0,4770.0,11791.0,19040.0,1855.0,3340.0,5739.0
6399,13000,Arrondissement de Turnhout,Arrondissement Turnhout,Bezirk Turnhout,TOTAL,4,154.0,7250.0,26875.0,115000.0,209.0,462.5,835.0
6404,13000,Arrondissement de Turnhout,Arrondissement Turnhout,Bezirk Turnhout,TOTAL,9,331.0,3116.0,7755.0,20000.0,1746.0,3670.0,7055.0
6415,13000,Arrondissement de Turnhout,Arrondissement Turnhout,Bezirk Turnhout,TOTAL,25,5.0,4225.0,10377.5,16530.0,1340.0,3480.0,25000.0
6421,13000,Arrondissement de Turnhout,Arrondissement Turnhout,Bezirk Turnhout,TOTAL,33,54.0,500.0,1597.5,5478.0,313.0,797.5,2300.0
6423,13000,Arrondissement de Turnhout,Arrondissement Turnhout,Bezirk Turnhout,TOTAL,35,71.0,5000.0,10325.0,25395.0,1400.0,3630.0,6096.0
6424,13000,Arrondissement de Turnhout,Arrondissement Turnhout,Bezirk Turnhout,TOTAL,36,41.0,2801.5,8500.0,23416.23,1471.0,2579.0,6528.0
6434,13000,Arrondissement de Turnhout,Arrondissement Turnhout,Bezirk Turnhout,TOTAL,50,15.0,375000.0,375000.0,375000.0,1130.0,3071.0,5000.0
6447,13000,Arrondissement de Turnhout,Arrondissement Turnhout,Bezirk Turnhout,TOTAL,70,483.0,5000.0,20000.0,130000.0,56.0,288.0,850.0
6455,13000,Arrondissement de Turnhout,Arrondissement Turnhout,Bezirk Turnhout,TOTAL,78,493.0,110000.0,146250.0,200000.0,409.0,668.0,950.0
6461,13000,Arrondissement de Turnhout,Arrondissement Turnhout,Bezirk Turnhout,TOTAL,164,5.0,372000.0,372000.0,372000.0,672.5,769.0,12912.5
6465,13000,Arrondissement de Turnhout,Arrondissement Turnhout,Bezirk Turnhout,TOTAL,200,2204.0,175000.0,230000.0,290000.0,365.0,705.0,1134.0
6466,13000,Arrondissement de Turnhout,Arrondissement Turnhout,Bezirk Turnhout,TOTAL,201,6.0,20000.0,120000.0,142000.0,601.0,722.0,1300.0
6468,13000,Arrondissement de Turnhout,Arrondissement Turnhout,Bezirk Turnhout,TOTAL,203,30.0,27551.5,40000.0,125000.0,235.0,1075.5,1760.0
6469,13000,Arrondissement de Turnhout,Arrondissement Turnhout,Bezirk Turnhout,TOTAL,204,43.0,11300.0,45666.67,138000.0,25.0,337.0,620.0
6474,13000,Arrondissement de Turnhout,Arrondissement Turnhout,Bezirk Turnhout,TOTAL,222,56.0,185000.0,275000.0,380000.0,243.5,435.0,741.5
6476,13000,Arrondissement de Turnhout,Arrondissement Turnhout,Bezirk Turnhout,TOTAL,240,45.0,237500.0,267500.0,305000.0,1378.0,1794.0,2695.0
6480,13000,Arrondissement de Turnhout,Arrondissement Turnhout,Bezirk Turnhout,TOTAL,244,8.0,10000.0,10000.0,10000.0,2337.0,3293.0,5800.0
6483,13000,Arrondissement de Turnhout,Arrondissement Turnhout,Bezirk Turnhout,TOTAL,247,37.0,5000.0,78108.0,185000.0,137.0,588.0,1725.0
6489,13000,Arrondissement de Turnhout,Arrondissement Turnhout,Bezirk Turnhout,TOTAL,265,10.0,72800.0,297500.0,587500.0,155.0,385.0,1607.0
6532,13000,Arrondissement de Turnhout,Arrondissement Turnhout,Bezirk Turnhout,TOTAL,371,31.0,45000.0,295000.0,1622500.0,450.0,1956.0,7000.0
6551,13000,Arrondissement de Turnhout,Arrondissement Turnhout,Bezirk Turnhout,TOTAL,407,77.0,217500.0,270000.0,335000.0,204.0,399.0,675.0
6555,13000,Arrondissement de Turnhout,Arrondissement Turnhout,Bezirk Turnhout,TOTAL,411,5.0,200000.0,200000.0,200000.0,962.0,962.0,1293.0
6582,13000,Arrondissement de Turnhout,Arrondissement Turnhout,Bezirk Turnhout,TOTAL,460,12.0,400000.0,400000.0,400000.0,1839.0,3883.0,6760.0
6597,13000,Arrondissement de Turnhout,Arrondissement Turnhout,Bezirk Turnhout,TOTAL,501,11.0,97229.7,426114.85,755000.0,418.0,4502.0,13379.0
6599,13000,Arrondissement de Turnhout,Arrondissement Turnhout,Bezirk Turnhout,TOTAL,503,89.0,8000.0,40000.0,100000.0,383.0,1121.0,1820.0
6626,13000,Arrondissement de Turnhout,Arrondissement Turnhout,Bezirk Turnhout,TOTAL,539,36.0,200620.0,255000.0,265000.0,15.0,212.0,745.0
6711,21000,Arrondissement de Bruxelles-Capitale,Arrondissement Brussel Hoofdstad,Bezirk Brüssel-Hauptstadt,CESSION,200,119.0,260000.0,358500.0,500000.0,104.0,155.0,221.0
6720,21000,Arrondissement de Bruxelles-Capitale,Arrondissement Brussel Hoofdstad,Bezirk Brüssel-Hauptstadt,CESSION,222,8.0,280000.0,730000.0,1250000.0,130.0,178.5,204.0
6797,21000,Arrondissement de Bruxelles-Capitale,Arrondissement Brussel Hoofdstad,Bezirk Brüssel-Hauptstadt,CESSION,407,16.0,100000.0,400000.0,550000.0,100.0,115.5,160.0
7203,21000,Arrondissement de Bruxelles-Capitale,Arrondissement Brussel Hoofdstad,Bezirk Brüssel-Hauptstadt,DONATIMMEUB,200,214.0,212500.0,350000.0,510000.0,130.0,210.0,315.0
7207,21000,Arrondissement de Bruxelles-Capitale,Arrondissement Brussel Hoofdstad,Bezirk Brüssel-Hauptstadt,DONATIMMEUB,204,8.0,590000.0,590000.0,590000.0,20.0,46.0,412.0
7212,21000,Arrondissement de Bruxelles-Capitale,Arrondissement Brussel Hoofdstad,Bezirk Brüssel-Hauptstadt,DONATIMMEUB,222,21.0,250000.0,360000.0,750000.0,170.0,232.0,289.0
7289,21000,Arrondissement de Bruxelles-Capitale,Arrondissement Brussel Hoofdstad,Bezirk Brüssel-Hauptstadt,DONATIMMEUB,407,20.0,275000.0,345000.005,497500.0,90.0,130.0,168.0
7439,21000,Arrondissement de Bruxelles-Capitale,Arrondissement Brussel Hoofdstad,Bezirk Brüssel-Hauptstadt,OTHER,78,32.0,5000.0,5000.0,5000.0,277.5,1244.0,1612.5
7449,21000,Arrondissement de Bruxelles-Capitale,Arrondissement Brussel Hoofdstad,Bezirk Brüssel-Hauptstadt,OTHER,200,203.0,285000.0,355000.0,447500.0,120.0,165.0,265.0
7453,21000,Arrondissement de Bruxelles-Capitale,Arrondissement Brussel Hoofdstad,Bezirk Brüssel-Hauptstadt,OTHER,204,8.0,714020.0,714020.0,714020.0,58.0,215.5,548.0
7516,21000,Arrondissement de Bruxelles-Capitale,Arrondissement Brussel Hoofdstad,Bezirk Brüssel-Hauptstadt,OTHER,371,11.0,950650.0,1155352.57,1235650.0,255.0,596.0,1388.0
7530,21000,Arrondissement de Bruxelles-Capitale,Arrondissement Brussel Hoofdstad,Bezirk Brüssel-Hauptstadt,OTHER,402,13.0,1627099.49,56916222.67,112205345.85,332.0,2477.0,4657.0
7535,21000,Arrondissement de Bruxelles-Capitale,Arrondissement Brussel Hoofdstad,Bezirk Brüssel-Hauptstadt,OTHER,407,84.0,185000.0,660000.0,810000.0,80.0,121.5,205.0
7622,21000,Arrondissement de Bruxelles-Capitale,Arrondissement Brussel Hoofdstad,Bezirk Brüssel-Hauptstadt,OTHER,552,31.0,125000.0,125000.0,125000.0,215.0,435.0,922.0
7695,21000,Arrondissement de Bruxelles-Capitale,Arrondissement Brussel Hoofdstad,Bezirk Brüssel-Hauptstadt,PARTAGE,200,40.0,302500.0,365000.0,646250.0,95.5,147.0,238.5
7941,21000,Arrondissement de Bruxelles-Capitale,Arrondissement Brussel Hoofdstad,Bezirk Brüssel-Hauptstadt,SUCCNALAT,200,460.0,265000.0,340000.0,435000.0,111.0,165.0,249.0
7945,21000,Arrondissement de Bruxelles-Capitale,Arrondissement Brussel Hoofdstad,Bezirk Brüssel-Hauptstadt,SUCCNALAT,204,6.0,25000.0,48750.0,72500.0,31.0,58.5,208.0
7950,21000,Arrondissement de Bruxelles-Capitale,Arrondissement Brussel Hoofdstad,Bezirk Brüssel-Hauptstadt,SUCCNALAT,222,38.0,425000.0,510000.0,745000.0,190.0,242.5,295.0
8027,21000,Arrondissement de Bruxelles-Capitale,Arrondissement Brussel Hoofdstad,Bezirk Brüssel-Hauptstadt,SUCCNALAT,407,52.0,270000.0,433800.0,600000.0,80.0,115.5,165.0
8121,21000,Arrondissement de Bruxelles-Capitale,Arrondissement Brussel Hoofdstad,Bezirk Brüssel-Hauptstadt,VENTEIMMEUB,4,20.0,3000.0,35000.0,112000.0,83.0,245.0,382.5
8169,21000,Arrondissement de Bruxelles-Capitale,Arrondissement Brussel Hoofdstad,Bezirk Brüssel-Hauptstadt,VENTEIMMEUB,70,46.0,80000.0,122500.0,250000.0,105.0,204.0,252.0
8177,21000,Arrondissement de Bruxelles-Capitale,Arrondissement Brussel Hoofdstad,Bezirk Brüssel-Hauptstadt,VENTEIMMEUB,78,33.0,142500.0,289500.0,560000.0,155.0,231.0,408.0
8187,21000,Arrondissement de Bruxelles-Capitale,Arrondissement Brussel Hoofdstad,Bezirk Brüssel-Hauptstadt,VENTEIMMEUB,200,743.0,290000.0,383750.0,540000.0,100.0,155.0,233.0
8191,21000,Arrondissement de Bruxelles-Capitale,Arrondissement Brussel Hoofdstad,Bezirk Brüssel-Hauptstadt,VENTEIMMEUB,204,23.0,27000.0,78250.0,250000.0,24.0,35.0,135.0
8196,21000,Arrondissement de Bruxelles-Capitale,Arrondissement Brussel Hoofdstad,Bezirk Brüssel-Hauptstadt,VENTEIMMEUB,222,51.0,367500.0,546000.0,905000.0,150.0,200.0,270.0
8211,21000,Arrondissement de Bruxelles-Capitale,Arrondissement Brussel Hoofdstad,Bezirk Brüssel-Hauptstadt,VENTEIMMEUB,265,13.0,440000.0,631000.0,975000.0,245.0,415.0,570.0
8254,21000,Arrondissement de Bruxelles-Capitale,Arrondissement Brussel Hoofdstad,Bezirk Brüssel-Hauptstadt,VENTEIMMEUB,371,22.0,425000.0,740000.0,1245000.0,240.0,442.5,2514.0
8268,21000,Arrondissement de Bruxelles-Capitale,Arrondissement Brussel Hoofdstad,Bezirk Brüssel-Hauptstadt,VENTEIMMEUB,402,13.0,3275000.0,4050000.0,9505012.5,490.0,2045.0,9246.0
8273,21000,Arrondissement de Bruxelles-Capitale,Arrondissement Brussel Hoofdstad,Bezirk Brüssel-Hauptstadt,VENTEIMMEUB,407,81.0,300000.0,415000.0,590000.0,91.0,130.0,180.0
8348,21000,Arrondissement de Bruxelles-Capitale,Arrondissement Brussel Hoofdstad,Bezirk Brüssel-Hauptstadt,VENTEIMMEUB,539,6.0,319000.0,2421500.0,4524000.0,77.0,161.0,409.5
8433,21000,Arrondissement de Bruxelles-Capitale,Arrondissement Brussel Hoofdstad,Bezirk Brüssel-Hauptstadt,VENTEPUBIMMEUB,200,30.0,215227.0,283094.755,390858.0,87.0,107.5,157.0
8519,21000,Arrondissement de Bruxelles-Capitale,Arrondissement Brussel Hoofdstad,Bezirk Brüssel-Hauptstadt,VENTEPUBIMMEUB,407,8.0,185431.41,222776.5,366817.71,57.5,116.5,152.0
8610,21000,Arrondissement de Bruxelles-Capitale,Arrondissement Brussel Hoofdstad,Bezirk Brüssel-Hauptstadt,TOTAL,1,38.0,4400.0,20000.0,330000.0,533.0,3069.0,4025.0
8611,21000,Arrondissement de Bruxelles-Capitale,Arrondissement Brussel Hoofdstad,Bezirk Brüssel-Hauptstadt,TOTAL,2,8.0,2500.0,3250.0,4000.0,2260.5,4181.0,5855.0
8613,21000,Arrondissement de Bruxelles-Capitale,Arrondissement Brussel Hoofdstad,Bezirk Brüssel-Hauptstadt,TOTAL,4,41.0,10000.0,35000.0,112000.0,103.0,280.0,421.0
8614,21000,Arrondissement de Bruxelles-Capitale,Arrondissement Brussel Hoofdstad,Bezirk Brüssel-Hauptstadt,TOTAL,5,11.0,120000.0,120000.0,120000.0,290.0,1225.0,2180.0
8623,21000,Arrondissement de Bruxelles-Capitale,Arrondissement Brussel Hoofdstad,Bezirk Brüssel-Hauptstadt,TOTAL,17,27.0,27000.0,27000.0,27000.0,320.0,592.0,880.0
8661,21000,Arrondissement de Bruxelles-Capitale,Arrondissement Brussel Hoofdstad,Bezirk Brüssel-Hauptstadt,TOTAL,70,79.0,80000.0,115000.0,250000.0,119.0,219.0,663.0
8662,21000,Arrondissement de Bruxelles-Capitale,Arrondissement Brussel Hoofdstad,Bezirk Brüssel-Hauptstadt,TOTAL,71,5.0,310000.0,310000.0,310000.0,402.0,539.0,1223.0
8669,21000,Arrondissement de Bruxelles-Capitale,Arrondissement Brussel Hoofdstad,Bezirk Brüssel-Hauptstadt,TOTAL,78,71.0,135000.0,288750.0,460000.0,172.0,340.0,1541.0
8679,21000,Arrondissement de Bruxelles-Capitale,Arrondissement Brussel Hoofdstad,Bezirk Brüssel-Hauptstadt,TOTAL,200,1853.0,275000.0,365000.0,499000.0,110.0,160.0,250.0
8682,21000,Arrondissement de Bruxelles-Capitale,Arrondissement Brussel Hoofdstad,Bezirk Brüssel-Hauptstadt,TOTAL,203,7.0,394000.0,747000.0,1100000.0,21.0,73.0,329.0
8683,21000,Arrondissement de Bruxelles-Capitale,Arrondissement Brussel Hoofdstad,Bezirk Brüssel-Hauptstadt,TOTAL,204,47.0,27000.0,105000.0,270000.0,25.0,57.0,221.0
8688,21000,Arrondissement de Bruxelles-Capitale,Arrondissement Brussel Hoofdstad,Bezirk Brüssel-Hauptstadt,TOTAL,222,143.0,350000.0,500000.0,750000.0,165.0,223.0,289.0
8698,21000,Arrondissement de Bruxelles-Capitale,Arrondissement Brussel Hoofdstad,Bezirk Brüssel-Hauptstadt,TOTAL,260,5.0,207500.0,357500.0,2750000.0,235.0,5934.0,22141.0
8699,21000,Arrondissement de Bruxelles-Capitale,Arrondissement Brussel Hoofdstad,Bezirk Brüssel-Hauptstadt,TOTAL,261,7.0,242400.0,420000.0,2200000.0,402.0,606.0,1168.0
8703,21000,Arrondissement de Bruxelles-Capitale,Arrondissement Brussel Hoofdstad,Bezirk Brüssel-Hauptstadt,TOTAL,265,21.0,312000.0,631000.0,987500.0,155.0,275.0,570.0
8746,21000,Arrondissement de Bruxelles-Capitale,Arrondissement Brussel Hoofdstad,Bezirk Brüssel-Hauptstadt,TOTAL,371,39.0,425000.0,950650.0,1235650.0,240.0,590.0,2122.0
8760,21000,Arrondissement de Bruxelles-Capitale,Arrondissement Brussel Hoofdstad,Bezirk Brüssel-Hauptstadt,TOTAL,402,26.0,2500000.0,4050000.0,14960025.0,410.0,2404.0,4730.0
8765,21000,Arrondissement de Bruxelles-Capitale,Arrondissement Brussel Hoofdstad,Bezirk Brüssel-Hauptstadt,TOTAL,407,266.0,275000.0,400000.0,600000.0,85.0,120.5,174.0
8766,21000,Arrondissement de Bruxelles-Capitale,Arrondissement Brussel Hoofdstad,Bezirk Brüssel-Hauptstadt,TOTAL,408,6.0,604500.0,962000.0,1125000.0,293.0,1002.0,1469.0
8840,21000,Arrondissement de Bruxelles-Capitale,Arrondissement Brussel Hoofdstad,Bezirk Brüssel-Hauptstadt,TOTAL,539,11.0,150000.0,319000.0,4524000.0,140.0,409.5,899.0
8852,21000,Arrondissement de Bruxelles-Capitale,Arrondissement Brussel Hoofdstad,Bezirk Brüssel-Hauptstadt,TOTAL,552,33.0,125000.0,125000.0,125000.0,215.0,409.0,819.0
8856,23000,Arrondissement de Hal-Vilvorde,Arrondissement Halle-Vilvoorde,Bezirk Halle-Vilvoorde,CESSION,1,48.0,2974.72,6428.57,12100.0,598.5,1782.0,2491.5
8857,23000,Arrondissement de Hal-Vilvorde,Arrondissement Halle-Vilvoorde,Bezirk Halle-Vilvoorde,CESSION,2,15.0,38825.0,38825.0,38825.0,2230.0,3255.0,8418.0
8859,23000,Arrondissement de Hal-Vilvorde,Arrondissement Halle-Vilvoorde,Bezirk Halle-Vilvoorde,CESSION,4,14.0,21000.0,21000.0,21000.0,210.0,354.5,860.0
8907,23000,Arrondissement de Hal-Vilvorde,Arrondissement Halle-Vilvoorde,Bezirk Halle-Vilvoorde,CESSION,70,78.0,1300.0,4025.955,110000.0,31.0,119.5,466.0
8915,23000,Arrondissement de Hal-Vilvorde,Arrondissement Halle-Vilvoorde,Bezirk Halle-Vilvoorde,CESSION,78,69.0,110000.0,141666.5,224350.0,240.0,255.0,341.0
8925,23000,Arrondissement de Hal-Vilvorde,Arrondissement Halle-Vilvoorde,Bezirk Halle-Vilvoorde,CESSION,200,160.0,150000.0,270000.0,349000.0,294.0,490.0,863.0
9171,23000,Arrondissement de Hal-Vilvorde,Arrondissement Halle-Vilvoorde,Bezirk Halle-Vilvoorde,COMMUNAUTE,200,142.0,350000.0,350000.0,350000.0,283.0,625.0,1049.0
9348,23000,Arrondissement de Hal-Vilvorde,Arrondissement Halle-Vilvoorde,Bezirk Halle-Vilvoorde,DONATIMMEUB,1,162.0,5000.0,146000.0,280000.0,2000.0,3090.0,6171.0
9349,23000,Arrondissement de Hal-Vilvorde,Arrondissement Halle-Vilvoorde,Bezirk Halle-Vilvoorde,DONATIMMEUB,2,72.0,3255.0,3255.0,3255.0,1765.0,3911.5,8415.5
9351,23000,Arrondissement de Hal-Vilvorde,Arrondissement Halle-Vilvoorde,Bezirk Halle-Vilvoorde,DONATIMMEUB,4,23.0,1000.0,119829.0,238658.0,224.0,500.0,800.0
9356,23000,Arrondissement de Hal-Vilvorde,Arrondissement Halle-Vilvoorde,Bezirk Halle-Vilvoorde,DONATIMMEUB,9,6.0,2638.5,2819.25,3000.0,1709.0,1744.5,1760.0
9399,23000,Arrondissement de Hal-Vilvorde,Arrondissement Halle-Vilvoorde,Bezirk Halle-Vilvoorde,DONATIMMEUB,70,23.0,125000.0,175000.0,250000.0,166.0,612.0,864.0
9407,23000,Arrondissement de Hal-Vilvorde,Arrondissement Halle-Vilvoorde,Bezirk Halle-Vilvoorde,DONATIMMEUB,78,27.0,150000.0,184375.0,230000.0,498.0,800.0,1139.0
9417,23000,Arrondissement de Hal-Vilvorde,Arrondissement Halle-Vilvoorde,Bezirk Halle-Vilvoorde,DONATIMMEUB,200,272.0,195000.0,280000.0,320000.0,327.0,625.5,1075.0
9420,23000,Arrondissement de Hal-Vilvorde,Arrondissement Halle-Vilvoorde,Bezirk Halle-Vilvoorde,DONATIMMEUB,203,7.0,2500.0,45250.0,88000.0,65.0,224.0,309.0
9426,23000,Arrondissement de Hal-Vilvorde,Arrondissement Halle-Vilvoorde,Bezirk Halle-Vilvoorde,DONATIMMEUB,222,14.0,295200.0,325000.0,397500.0,231.0,312.5,465.0
9428,23000,Arrondissement de Hal-Vilvorde,Arrondissement Halle-Vilvoorde,Bezirk Halle-Vilvoorde,DONATIMMEUB,240,6.0,125000.0,125000.0,125000.0,900.0,1774.5,2500.0
9435,23000,Arrondissement de Hal-Vilvorde,Arrondissement Halle-Vilvoorde,Bezirk Halle-Vilvoorde,DONATIMMEUB,247,5.0,125000.0,125000.0,125000.0,436.0,1319.0,5279.0
9503,23000,Arrondissement de Hal-Vilvorde,Arrondissement Halle-Vilvoorde,Bezirk Halle-Vilvoorde,DONATIMMEUB,407,11.0,210000.0,400000.0,1200000.0,145.0,173.0,204.0
9578,23000,Arrondissement de Hal-Vilvorde,Arrondissement Halle-Vilvoorde,Bezirk Halle-Vilvoorde,DONATIMMEUB,539,5.0,100000.0,162500.0,225000.0,742.0,1301.0,1447.0
9594,23000,Arrondissement de Hal-Vilvorde,Arrondissement Halle-Vilvoorde,Bezirk Halle-Vilvoorde,OTHER,1,62.0,7500.0,26000.0,66720.0,789.0,2553.0,6036.0
9595,23000,Arrondissement de Hal-Vilvorde,Arrondissement Halle-Vilvoorde,Bezirk Halle-Vilvoorde,OTHER,2,44.0,14550.0,3957150.0,7899750.0,615.0,1050.0,3914.0
9602,23000,Arrondissement de Hal-Vilvorde,Arrondissement Halle-Vilvoorde,Bezirk Halle-Vilvoorde,OTHER,9,6.0,3609.0,9931.5,13492.5,1400.0,2073.0,4395.0
9603,23000,Arrondissement de Hal-Vilvorde,Arrondissement Halle-Vilvoorde,Bezirk Halle-Vilvoorde,OTHER,10,22.0,3000.0,67500.0,132000.0,508.0,725.5,1467.0
9645,23000,Arrondissement de Hal-Vilvorde,Arrondissement Halle-Vilvoorde,Bezirk Halle-Vilvoorde,OTHER,70,68.0,80.0,80.0,80.0,45.5,153.0,676.0
9653,23000,Arrondissement de Hal-Vilvorde,Arrondissement Halle-Vilvoorde,Bezirk Halle-Vilvoorde,OTHER,78,107.0,4000.0,24000.0,565000.0,329.0,515.0,914.0
9663,23000,Arrondissement de Hal-Vilvorde,Arrondissement Halle-Vilvoorde,Bezirk Halle-Vilvoorde,OTHER,200,324.0,177500.0,260000.0,350000.0,307.0,554.0,927.0
9672,23000,Arrondissement de Hal-Vilvorde,Arrondissement Halle-Vilvoorde,Bezirk Halle-Vilvoorde,OTHER,222,11.0,178806.0,178806.0,178806.0,208.0,306.0,601.0
9730,23000,Arrondissement de Hal-Vilvorde,Arrondissement Halle-Vilvoorde,Bezirk Halle-Vilvoorde,OTHER,371,13.0,239778.0,1187500.0,1236422.54,348.0,2684.0,5119.0
9824,23000,Arrondissement de Hal-Vilvorde,Arrondissement Halle-Vilvoorde,Bezirk Halle-Vilvoorde,OTHER,539,15.0,9750.0,14875.0,20000.0,14.0,18.5,310.0
9840,23000,Arrondissement de Hal-Vilvorde,Arrondissement Halle-Vilvoorde,Bezirk Halle-Vilvoorde,PARTAGE,1,39.0,7800.0,113900.0,220000.0,1390.0,3210.0,6260.0
9909,23000,Arrondissement de Hal-Vilvorde,Arrondissement Halle-Vilvoorde,Bezirk Halle-Vilvoorde,PARTAGE,200,44.0,130000.0,280000.0,394000.0,219.5,514.5,751.5
10086,23000,Arrondissement de Hal-Vilvorde,Arrondissement Halle-Vilvoorde,Bezirk Halle-Vilvoorde,SUCCNALAT,1,620.0,5060.0,10120.0,21760.0,1743.5,3332.0,5775.0
10087,23000,Arrondissement de Hal-Vilvorde,Arrondissement Halle-Vilvoorde,Bezirk Halle-Vilvoorde,SUCCNALAT,2,250.0,3290.0,7710.0,13352.5,1380.0,2872.5,6064.0
10088,23000,Arrondissement de Hal-Vilvorde,Arrondissement Halle-Vilvoorde,Bezirk Halle-Vilvoorde,SUCCNALAT,3,20.0,1160.0,2890.0,17500.0,860.0,1449.0,4175.0
10089,23000,Arrondissement de Hal-Vilvorde,Arrondissement Halle-Vilvoorde,Bezirk Halle-Vilvoorde,SUCCNALAT,4,59.0,4550.0,7477.0,34600.0,289.0,417.0,1039.0
10090,23000,Arrondissement de Hal-Vilvorde,Arrondissement Halle-Vilvoorde,Bezirk Halle-Vilvoorde,SUCCNALAT,5,8.0,12000.0,24662.5,37325.0,569.0,1393.5,3154.5
10094,23000,Arrondissement de Hal-Vilvorde,Arrondissement Halle-Vilvoorde,Bezirk Halle-Vilvoorde,SUCCNALAT,9,56.0,1500.0,2687.5,6400.0,825.0,1720.0,3060.0
10095,23000,Arrondissement de Hal-Vilvorde,Arrondissement Halle-Vilvoorde,Bezirk Halle-Vilvoorde,SUCCNALAT,10,43.0,5100.0,12000.0,47825.0,1700.0,3096.0,4060.0
10111,23000,Arrondissement de Hal-Vilvorde,Arrondissement Halle-Vilvoorde,Bezirk Halle-Vilvoorde,SUCCNALAT,33,11.0,40.0,11270.0,22500.0,59.0,92.0,382.0
10113,23000,Arrondissement de Hal-Vilvorde,Arrondissement Halle-Vilvoorde,Bezirk Halle-Vilvoorde,SUCCNALAT,35,7.0,419.5,782.0,1512.5,34.0,539.0,950.0
10134,23000,Arrondissement de Hal-Vilvorde,Arrondissement Halle-Vilvoorde,Bezirk Halle-Vilvoorde,SUCCNALAT,67,6.0,50550.0,75275.0,100000.0,675.0,919.5,1149.0
10137,23000,Arrondissement de Hal-Vilvorde,Arrondissement Halle-Vilvoorde,Bezirk Halle-Vilvoorde,SUCCNALAT,70,25.0,70000.0,150000.0,200000.0,234.0,423.0,648.0
10145,23000,Arrondissement de Hal-Vilvorde,Arrondissement Halle-Vilvoorde,Bezirk Halle-Vilvoorde,SUCCNALAT,78,40.0,7650.0,110000.0,192500.0,360.0,521.0,884.0
10155,23000,Arrondissement de Hal-Vilvorde,Arrondissement Halle-Vilvoorde,Bezirk Halle-Vilvoorde,SUCCNALAT,200,866.0,200000.0,260000.0,325000.0,232.0,443.0,820.0
10159,23000,Arrondissement de Hal-Vilvorde,Arrondissement Halle-Vilvoorde,Bezirk Halle-Vilvoorde,SUCCNALAT,204,9.0,15000.0,70000.0,125000.0,45.0,62.0,186.0
10164,23000,Arrondissement de Hal-Vilvorde,Arrondissement Halle-Vilvoorde,Bezirk Halle-Vilvoorde,SUCCNALAT,222,10.0,225000.0,323750.0,390000.0,224.0,277.0,359.0
10166,23000,Arrondissement de Hal-Vilvorde,Arrondissement Halle-Vilvoorde,Bezirk Halle-Vilvoorde,SUCCNALAT,240,29.0,205000.0,227500.0,280000.0,601.0,1105.0,2508.0
10171,23000,Arrondissement de Hal-Vilvorde,Arrondissement Halle-Vilvoorde,Bezirk Halle-Vilvoorde,SUCCNALAT,245,5.0,190000.0,190000.0,190000.0,1980.0,2388.0,2842.0
10173,23000,Arrondissement de Hal-Vilvorde,Arrondissement Halle-Vilvoorde,Bezirk Halle-Vilvoorde,SUCCNALAT,247,20.0,13666.0,29666.0,54100.0,78.0,408.0,2120.0
10241,23000,Arrondissement de Hal-Vilvorde,Arrondissement Halle-Vilvoorde,Bezirk Halle-Vilvoorde,SUCCNALAT,407,16.0,216000.0,240000.0,290000.0,106.0,165.0,317.5
10332,23000,Arrondissement de Hal-Vilvorde,Arrondissement Halle-Vilvoorde,Bezirk Halle-Vilvoorde,VENTEIMMEUB,1,251.0,10000.0,19000.0,46329.6,1218.0,2500.0,4692.0
10333,23000,Arrondissement de Hal-Vilvorde,Arrondissement Halle-Vilvoorde,Bezirk Halle-Vilvoorde,VENTEIMMEUB,2,89.0,15000.0,21525.0,95712.0,1228.0,3060.0,6756.0
10334,23000,Arrondissement de Hal-Vilvorde,Arrondissement Halle-Vilvoorde,Bezirk Halle-Vilvoorde,VENTEIMMEUB,3,6.0,6482.5,18700.0,30540.0,1580.0,1960.0,4300.0
10335,23000,Arrondissement de Hal-Vilvorde,Arrondissement Halle-Vilvoorde,Bezirk Halle-Vilvoorde,VENTEIMMEUB,4,110.0,5500.0,19125.0,66205.0,251.0,425.0,681.0
10340,23000,Arrondissement de Hal-Vilvorde,Arrondissement Halle-Vilvoorde,Bezirk Halle-Vilvoorde,VENTEIMMEUB,9,25.0,2100.0,4125.0,4275.0,764.0,1710.0,4330.0
10341,23000,Arrondissement de Hal-Vilvorde,Arrondissement Halle-Vilvoorde,Bezirk Halle-Vilvoorde,VENTEIMMEUB,10,30.0,912.5,8500.0,10000.0,800.0,2027.0,3975.0
10383,23000,Arrondissement de Hal-Vilvorde,Arrondissement Halle-Vilvoorde,Bezirk Halle-Vilvoorde,VENTEIMMEUB,70,174.0,9570.0,55220.0,140000.0,141.0,363.5,729.0
10391,23000,Arrondissement de Hal-Vilvorde,Arrondissement Halle-Vilvoorde,Bezirk Halle-Vilvoorde,VENTEIMMEUB,78,272.0,120000.0,191482.3,287500.0,263.5,403.5,744.5
10401,23000,Arrondissement de Hal-Vilvorde,Arrondissement Halle-Vilvoorde,Bezirk Halle-Vilvoorde,VENTEIMMEUB,200,1276.0,239000.0,300000.0,380000.0,215.0,391.0,769.0
10404,23000,Arrondissement de Hal-Vilvorde,Arrondissement Halle-Vilvoorde,Bezirk Halle-Vilvoorde,VENTEIMMEUB,203,8.0,110000.0,110000.0,110000.0,20.5,247.0,718.5
10405,23000,Arrondissement de Hal-Vilvorde,Arrondissement Halle-Vilvoorde,Bezirk Halle-Vilvoorde,VENTEIMMEUB,204,32.0,25000.0,56500.0,125000.0,21.0,56.0,193.0
10410,23000,Arrondissement de Hal-Vilvorde,Arrondissement Halle-Vilvoorde,Bezirk Halle-Vilvoorde,VENTEIMMEUB,222,24.0,315000.0,347500.0,387500.0,142.0,222.0,358.0
10412,23000,Arrondissement de Hal-Vilvorde,Arrondissement Halle-Vilvoorde,Bezirk Halle-Vilvoorde,VENTEIMMEUB,240,9.0,150000.0,269000.0,275000.0,500.0,918.0,1413.0
10468,23000,Arrondissement de Hal-Vilvorde,Arrondissement Halle-Vilvoorde,Bezirk Halle-Vilvoorde,VENTEIMMEUB,371,11.0,320000.0,800562.4,1960000.0,696.0,1169.0,6391.0
10482,23000,Arrondissement de Hal-Vilvorde,Arrondissement Halle-Vilvoorde,Bezirk Halle-Vilvoorde,VENTEIMMEUB,402,6.0,517050.0,775000.0,1925000.0,602.0,2132.0,3447.0
10487,23000,Arrondissement de Hal-Vilvorde,Arrondissement Halle-Vilvoorde,Bezirk Halle-Vilvoorde,VENTEIMMEUB,407,43.0,220000.0,299000.0,382500.0,132.0,197.0,590.0
10493,23000,Arrondissement de Hal-Vilvorde,Arrondissement Halle-Vilvoorde,Bezirk Halle-Vilvoorde,VENTEIMMEUB,413,5.0,1000000.0,1185000.0,1370000.0,621.0,979.0,2437.0
10562,23000,Arrondissement de Hal-Vilvorde,Arrondissement Halle-Vilvoorde,Bezirk Halle-Vilvoorde,VENTEIMMEUB,539,10.0,5400.0,87500.0,282500.0,38.0,137.0,686.0
10578,23000,Arrondissement de Hal-Vilvorde,Arrondissement Halle-Vilvoorde,Bezirk Halle-Vilvoorde,VENTEPUBIMMEUB,1,15.0,70000.0,70000.0,70000.0,2260.0,3340.0,4490.0
10647,23000,Arrondissement de Hal-Vilvorde,Arrondissement Halle-Vilvoorde,Bezirk Halle-Vilvoorde,VENTEPUBIMMEUB,200,32.0,171500.0,225000.0,341000.0,185.5,416.5,690.5
10824,23000,Arrondissement de Hal-Vilvorde,Arrondissement Halle-Vilvoorde,Bezirk Halle-Vilvoorde,TOTAL,1,1235.0,5500.0,11607.0,26538.75,1560.0,3023.0,5411.0
10825,23000,Arrondissement de Hal-Vilvorde,Arrondissement Halle-Vilvoorde,Bezirk Halle-Vilvoorde,TOTAL,2,517.0,3420.0,8350.0,17300.0,1390.0,3090.0,7010.0
10826,23000,Arrondissement de Hal-Vilvorde,Arrondissement Halle-Vilvoorde,Bezirk Halle-Vilvoorde,TOTAL,3,44.0,1950.0,7500.0,27900.0,1160.0,2230.0,4305.0
10827,23000,Arrondissement de Hal-Vilvorde,Arrondissement Halle-Vilvoorde,Bezirk Halle-Vilvoorde,TOTAL,4,240.0,5000.0,12150.0,50000.0,245.0,435.0,787.5
10828,23000,Arrondissement de Hal-Vilvorde,Arrondissement Halle-Vilvoorde,Bezirk Halle-Vilvoorde,TOTAL,5,11.0,12000.0,24662.5,37325.0,490.0,1301.0,2518.0
10832,23000,Arrondissement de Hal-Vilvorde,Arrondissement Halle-Vilvoorde,Bezirk Halle-Vilvoorde,TOTAL,9,101.0,1642.5,3050.0,6539.0,1030.0,1750.0,3300.0
10833,23000,Arrondissement de Hal-Vilvorde,Arrondissement Halle-Vilvoorde,Bezirk Halle-Vilvoorde,TOTAL,10,126.0,5100.0,10000.0,20000.0,740.0,1820.0,3590.0
10834,23000,Arrondissement de Hal-Vilvorde,Arrondissement Halle-Vilvoorde,Bezirk Halle-Vilvoorde,TOTAL,11,6.0,2075.0,2075.0,2075.0,1860.0,4699.0,11785.0
10849,23000,Arrondissement de Hal-Vilvorde,Arrondissement Halle-Vilvoorde,Bezirk Halle-Vilvoorde,TOTAL,33,32.0,40.0,11270.0,22500.0,63.5,193.0,547.5
10851,23000,Arrondissement de Hal-Vilvorde,Arrondissement Halle-Vilvoorde,Bezirk Halle-Vilvoorde,TOTAL,35,22.0,539.0,1025.0,2000.0,130.0,740.5,1440.0
10872,23000,Arrondissement de Hal-Vilvorde,Arrondissement Halle-Vilvoorde,Bezirk Halle-Vilvoorde,TOTAL,67,13.0,50550.0,75275.0,100000.0,337.0,875.0,1149.0
10875,23000,Arrondissement de Hal-Vilvorde,Arrondissement Halle-Vilvoorde,Bezirk Halle-Vilvoorde,TOTAL,70,374.0,9785.0,70000.0,155000.0,89.0,271.0,699.0
10883,23000,Arrondissement de Hal-Vilvorde,Arrondissement Halle-Vilvoorde,Bezirk Halle-Vilvoorde,TOTAL,78,540.0,114957.5,181000.0,281961.5,270.0,433.5,783.0
10893,23000,Arrondissement de Hal-Vilvorde,Arrondissement Halle-Vilvoorde,Bezirk Halle-Vilvoorde,TOTAL,200,3116.0,220000.0,281750.0,355000.0,236.0,451.5,855.0
10896,23000,Arrondissement de Hal-Vilvorde,Arrondissement Halle-Vilvoorde,Bezirk Halle-Vilvoorde,TOTAL,203,31.0,2500.0,45881.6,88000.0,40.0,214.0,446.0
10897,23000,Arrondissement de Hal-Vilvorde,Arrondissement Halle-Vilvoorde,Bezirk Halle-Vilvoorde,TOTAL,204,66.0,25000.0,56500.0,125000.0,20.0,42.5,186.0
10902,23000,Arrondissement de Hal-Vilvorde,Arrondissement Halle-Vilvoorde,Bezirk Halle-Vilvoorde,TOTAL,222,67.0,290400.0,342500.0,400000.0,165.0,298.0,395.0
10904,23000,Arrondissement de Hal-Vilvorde,Arrondissement Halle-Vilvoorde,Bezirk Halle-Vilvoorde,TOTAL,240,51.0,150000.0,227500.0,277500.0,630.0,1340.0,2538.0
10909,23000,Arrondissement de Hal-Vilvorde,Arrondissement Halle-Vilvoorde,Bezirk Halle-Vilvoorde,TOTAL,245,9.0,190000.0,215000.0,240000.0,1356.0,1980.0,2510.0
10911,23000,Arrondissement de Hal-Vilvorde,Arrondissement Halle-Vilvoorde,Bezirk Halle-Vilvoorde,TOTAL,247,39.0,19332.0,40000.0,68200.0,55.0,342.0,2256.0
10913,23000,Arrondissement de Hal-Vilvorde,Arrondissement Halle-Vilvoorde,Bezirk Halle-Vilvoorde,TOTAL,261,8.0,110000.0,741683.0,1373366.0,558.0,3001.5,4031.0
10917,23000,Arrondissement de Hal-Vilvorde,Arrondissement Halle-Vilvoorde,Bezirk Halle-Vilvoorde,TOTAL,265,11.0,295000.0,447500.0,600000.0,252.0,690.0,3484.0
10958,23000,Arrondissement de Hal-Vilvorde,Arrondissement Halle-Vilvoorde,Bezirk Halle-Vilvoorde,TOTAL,357,6.0,3150000.0,3325000.0,3500000.0,8758.0,12024.5,17871.0
10960,23000,Arrondissement de Hal-Vilvorde,Arrondissement Halle-Vilvoorde,Bezirk Halle-Vilvoorde,TOTAL,371,29.0,320000.0,769312.4,1250000.0,380.0,990.0,4867.0
10974,23000,Arrondissement de Hal-Vilvorde,Arrondissement Halle-Vilvoorde,Bezirk Halle-Vilvoorde,TOTAL,402,10.0,508914.0,675000.0,1925000.0,602.0,2787.5,3447.0
10979,23000,Arrondissement de Hal-Vilvorde,Arrondissement Halle-Vilvoorde,Bezirk Halle-Vilvoorde,TOTAL,407,102.0,216000.0,285000.0,380000.0,145.0,197.5,440.0
10985,23000,Arrondissement de Hal-Vilvorde,Arrondissement Halle-Vilvoorde,Bezirk Halle-Vilvoorde,TOTAL,413,8.0,1000000.0,1185000.0,1370000.0,414.5,800.0,1904.0
11002,23000,Arrondissement de Hal-Vilvorde,Arrondissement Halle-Vilvoorde,Bezirk Halle-Vilvoorde,TOTAL,434,8.0,1700000.0,1700000.0,1700000.0,750.0,975.0,3840.5
11015,23000,Arrondissement de Hal-Vilvorde,Arrondissement Halle-Vilvoorde,Bezirk Halle-Vilvoorde,TOTAL,481,5.0,25.0,62.5,100.0,1.0,2.0,6.0
11027,23000,Arrondissement de Hal-Vilvorde,Arrondissement Halle-Vilvoorde,Bezirk Halle-Vilvoorde,TOTAL,503,11.0,7000.0,43000.0,200000.0,744.0,1055.5,1332.0
11054,23000,Arrondissement de Hal-Vilvorde,Arrondissement Halle-Vilvoorde,Bezirk Halle-Vilvoorde,TOTAL,539,36.0,9750.0,100000.0,225000.0,19.0,198.0,1146.0
11070,24000,Arrondissement de Louvain,Arrondissement Leuven,Bezirk Löwen,CESSION,1,95.0,4000.0,8600.0,150000.0,2040.0,3600.0,6758.0
11071,24000,Arrondissement de Louvain,Arrondissement Leuven,Bezirk Löwen,CESSION,2,12.0,8000.0,8000.0,8000.0,3075.0,4914.0,8180.0
11073,24000,Arrondissement de Louvain,Arrondissement Leuven,Bezirk Löwen,CESSION,4,6.0,2580.0,2580.0,2580.0,288.0,374.5,455.0
11078,24000,Arrondissement de Louvain,Arrondissement Leuven,Bezirk Löwen,CESSION,9,17.0,6171.5,6171.5,6171.5,2110.0,4165.0,5360.0
11079,24000,Arrondissement de Louvain,Arrondissement Leuven,Bezirk Löwen,CESSION,10,5.0,10000.0,10000.0,10000.0,1656.0,3210.0,4695.0
11121,24000,Arrondissement de Louvain,Arrondissement Leuven,Bezirk Löwen,CESSION,70,44.0,1544.0,2000.0,13912.0,44.5,105.5,744.5
11129,24000,Arrondissement de Louvain,Arrondissement Leuven,Bezirk Löwen,CESSION,78,7.0,125000.0,125000.0,125000.0,641.0,801.0,1036.0
11139,24000,Arrondissement de Louvain,Arrondissement Leuven,Bezirk Löwen,CESSION,200,82.0,111000.0,195000.0,275000.0,253.0,548.5,1003.0
11150,24000,Arrondissement de Louvain,Arrondissement Leuven,Bezirk Löwen,CESSION,240,5.0,212000.0,256000.0,300000.0,406.0,1300.0,1451.0
11562,24000,Arrondissement de Louvain,Arrondissement Leuven,Bezirk Löwen,DONATIMMEUB,1,131.0,18000.0,120000.0,150000.0,1932.0,3019.0,5182.0
11563,24000,Arrondissement de Louvain,Arrondissement Leuven,Bezirk Löwen,DONATIMMEUB,2,33.0,6000.0,80000.0,110000.0,2576.0,4067.0,13480.0
11565,24000,Arrondissement de Louvain,Arrondissement Leuven,Bezirk Löwen,DONATIMMEUB,4,24.0,5000.0,5000.0,5000.0,327.0,495.5,690.5
11571,24000,Arrondissement de Louvain,Arrondissement Leuven,Bezirk Löwen,DONATIMMEUB,10,10.0,125000.0,125000.0,125000.0,1171.0,3125.5,3410.0
11613,24000,Arrondissement de Louvain,Arrondissement Leuven,Bezirk Löwen,DONATIMMEUB,70,23.0,2500.0,90000.0,100000.0,350.0,735.0,1650.0
11621,24000,Arrondissement de Louvain,Arrondissement Leuven,Bezirk Löwen,DONATIMMEUB,78,24.0,127500.0,170000.0,200000.0,633.0,1095.0,1429.5
11631,24000,Arrondissement de Louvain,Arrondissement Leuven,Bezirk Löwen,DONATIMMEUB,200,193.0,200000.0,260000.0,350000.0,386.0,670.0,1128.0
11640,24000,Arrondissement de Louvain,Arrondissement Leuven,Bezirk Löwen,DONATIMMEUB,222,10.0,472500.0,835000.0,1410000.0,176.0,250.0,390.0
11642,24000,Arrondissement de Louvain,Arrondissement Leuven,Bezirk Löwen,DONATIMMEUB,240,9.0,300000.0,300000.0,300000.0,1106.0,2340.0,2765.0
11717,24000,Arrondissement de Louvain,Arrondissement Leuven,Bezirk Löwen,DONATIMMEUB,407,10.0,250000.0,300000.0,600000.0,151.0,232.0,629.0
11792,24000,Arrondissement de Louvain,Arrondissement Leuven,Bezirk Löwen,DONATIMMEUB,539,7.0,125000.0,375000.0,448000.0,189.0,1086.0,7481.0
11808,24000,Arrondissement de Louvain,Arrondissement Leuven,Bezirk Löwen,OTHER,1,137.0,7000.0,10600.0,25540.0,1762.0,2810.0,4516.0
11809,24000,Arrondissement de Louvain,Arrondissement Leuven,Bezirk Löwen,OTHER,2,25.0,5740.0,9444.0,13000.0,2754.0,4930.0,7920.0
11811,24000,Arrondissement de Louvain,Arrondissement Leuven,Bezirk Löwen,OTHER,4,32.0,198750.0,198750.0,198750.0,351.0,636.5,1021.5
11816,24000,Arrondissement de Louvain,Arrondissement Leuven,Bezirk Löwen,OTHER,9,25.0,3865.0,6693.5,16568.5,1118.0,1850.0,5470.0
11817,24000,Arrondissement de Louvain,Arrondissement Leuven,Bezirk Löwen,OTHER,10,15.0,160000.0,160000.0,160000.0,810.0,2050.0,4590.0
11818,24000,Arrondissement de Louvain,Arrondissement Leuven,Bezirk Löwen,OTHER,11,18.0,4080.0,4080.0,4080.0,2170.0,2975.0,6794.0
11859,24000,Arrondissement de Louvain,Arrondissement Leuven,Bezirk Löwen,OTHER,70,49.0,3.0,32500.0,600000.0,85.0,442.0,1542.0
11867,24000,Arrondissement de Louvain,Arrondissement Leuven,Bezirk Löwen,OTHER,78,55.0,50.0,50.0,50.0,502.0,953.0,1648.0
11877,24000,Arrondissement de Louvain,Arrondissement Leuven,Bezirk Löwen,OTHER,200,301.0,212500.0,273841.44,330000.0,343.0,739.0,1226.0
11880,24000,Arrondissement de Louvain,Arrondissement Leuven,Bezirk Löwen,OTHER,203,9.0,26850.0,26850.0,26850.0,40.0,98.0,960.0
11888,24000,Arrondissement de Louvain,Arrondissement Leuven,Bezirk Löwen,OTHER,240,8.0,20.0,20.0,20.0,1409.5,2181.0,3055.5
11963,24000,Arrondissement de Louvain,Arrondissement Leuven,Bezirk Löwen,OTHER,407,12.0,9688.175,109000.0,240000.0,222.0,426.0,577.5
12054,24000,Arrondissement de Louvain,Arrondissement Leuven,Bezirk Löwen,PARTAGE,1,36.0,3690.0,11845.0,20000.0,1926.0,3340.0,6465.0
12057,24000,Arrondissement de Louvain,Arrondissement Leuven,Bezirk Löwen,PARTAGE,4,12.0,100000.0,100000.0,100000.0,285.5,459.5,808.5
12062,24000,Arrondissement de Louvain,Arrondissement Leuven,Bezirk Löwen,PARTAGE,9,5.0,324000.0,324000.0,324000.0,1850.0,3700.0,4329.0
12105,24000,Arrondissement de Louvain,Arrondissement Leuven,Bezirk Löwen,PARTAGE,70,15.0,100000.0,100000.0,100000.0,649.0,1930.0,2797.0
12113,24000,Arrondissement de Louvain,Arrondissement Leuven,Bezirk Löwen,PARTAGE,78,6.0,133000.0,156500.0,208000.0,519.0,850.0,1508.0
12123,24000,Arrondissement de Louvain,Arrondissement Leuven,Bezirk Löwen,PARTAGE,200,93.0,261100.0,312500.0,366250.0,385.0,678.0,1084.0
12134,24000,Arrondissement de Louvain,Arrondissement Leuven,Bezirk Löwen,PARTAGE,240,5.0,325000.0,325000.0,325000.0,900.0,1550.0,2213.0
12300,24000,Arrondissement de Louvain,Arrondissement Leuven,Bezirk Löwen,SUCCNALAT,1,549.0,3575.0,6960.0,17500.0,1510.0,2730.0,4860.0
12301,24000,Arrondissement de Louvain,Arrondissement Leuven,Bezirk Löwen,SUCCNALAT,2,110.0,5070.0,12330.0,40400.0,2000.0,3343.0,5170.0
12302,24000,Arrondissement de Louvain,Arrondissement Leuven,Bezirk Löwen,SUCCNALAT,3,23.0,2970.0,3680.0,120000.0,1400.0,2280.0,3680.0
12303,24000,Arrondissement de Louvain,Arrondissement Leuven,Bezirk Löwen,SUCCNALAT,4,67.0,1000.0,10000.0,67025.0,392.0,713.0,1150.0
12308,24000,Arrondissement de Louvain,Arrondissement Leuven,Bezirk Löwen,SUCCNALAT,9,91.0,3037.5,5670.0,13062.5,1250.0,2540.0,5200.0
12309,24000,Arrondissement de Louvain,Arrondissement Leuven,Bezirk Löwen,SUCCNALAT,10,23.0,4790.0,17791.25,80000.0,790.0,1547.0,2560.0
12310,24000,Arrondissement de Louvain,Arrondissement Leuven,Bezirk Löwen,SUCCNALAT,11,23.0,5654.0,9729.0,20400.0,2230.0,3230.0,6390.0
12320,24000,Arrondissement de Louvain,Arrondissement Leuven,Bezirk Löwen,SUCCNALAT,26,5.0,13000.0,13000.0,13000.0,842.0,1091.0,1476.0
12325,24000,Arrondissement de Louvain,Arrondissement Leuven,Bezirk Löwen,SUCCNALAT,33,21.0,177.0,7650.0,23000.0,117.0,260.0,472.0
12327,24000,Arrondissement de Louvain,Arrondissement Leuven,Bezirk Löwen,SUCCNALAT,35,12.0,2600.0,3770.0,6500.0,564.5,1288.5,2598.0
12351,24000,Arrondissement de Louvain,Arrondissement Leuven,Bezirk Löwen,SUCCNALAT,70,11.0,100000.0,116750.0,145000.0,225.0,480.0,985.0
12359,24000,Arrondissement de Louvain,Arrondissement Leuven,Bezirk Löwen,SUCCNALAT,78,34.0,100000.0,160000.0,253000.0,692.0,1095.0,1437.0
12369,24000,Arrondissement de Louvain,Arrondissement Leuven,Bezirk Löwen,SUCCNALAT,200,732.0,180000.0,235000.0,295000.0,285.0,644.0,1104.5
12372,24000,Arrondissement de Louvain,Arrondissement Leuven,Bezirk Löwen,SUCCNALAT,203,8.0,6000.0,8387.0,15000.0,37.5,166.0,749.0
12373,24000,Arrondissement de Louvain,Arrondissement Leuven,Bezirk Löwen,SUCCNALAT,204,16.0,10000.0,15000.0,40000.0,20.0,45.5,197.5
12378,24000,Arrondissement de Louvain,Arrondissement Leuven,Bezirk Löwen,SUCCNALAT,222,17.0,370000.0,467500.0,743500.0,284.0,372.0,570.0
12380,24000,Arrondissement de Louvain,Arrondissement Leuven,Bezirk Löwen,SUCCNALAT,240,15.0,112482.0,135000.0,157500.0,980.0,1279.0,1723.0
12385,24000,Arrondissement de Louvain,Arrondissement Leuven,Bezirk Löwen,SUCCNALAT,245,6.0,38025.0,38025.0,38025.0,82.0,618.0,1690.0
12387,24000,Arrondissement de Louvain,Arrondissement Leuven,Bezirk Löwen,SUCCNALAT,247,8.0,10000.0,16000.0,200000.0,24.5,195.0,304.0
12455,24000,Arrondissement de Louvain,Arrondissement Leuven,Bezirk Löwen,SUCCNALAT,407,17.0,190000.0,278600.0,402000.0,130.0,180.0,360.0
12503,24000,Arrondissement de Louvain,Arrondissement Leuven,Bezirk Löwen,SUCCNALAT,503,7.0,100000.0,110000.0,170000.0,72.0,1201.0,2074.0
12546,24000,Arrondissement de Louvain,Arrondissement Leuven,Bezirk Löwen,VENTEIMMEUB,1,355.0,6250.0,15000.0,35000.0,1865.0,3140.0,5745.0
12547,24000,Arrondissement de Louvain,Arrondissement Leuven,Bezirk Löwen,VENTEIMMEUB,2,85.0,9000.0,19000.0,30000.0,2300.0,3810.0,8157.0
12548,24000,Arrondissement de Louvain,Arrondissement Leuven,Bezirk Löwen,VENTEIMMEUB,3,26.0,4000.0,21500.0,39000.0,2560.0,5155.0,10660.0
12549,24000,Arrondissement de Louvain,Arrondissement Leuven,Bezirk Löwen,VENTEIMMEUB,4,79.0,12000.0,24000.0,66000.0,80.0,319.0,625.0
12554,24000,Arrondissement de Louvain,Arrondissement Leuven,Bezirk Löwen,VENTEIMMEUB,9,64.0,2600.0,12250.0,210000.0,1770.5,2749.0,7646.0
12555,24000,Arrondissement de Louvain,Arrondissement Leuven,Bezirk Löwen,VENTEIMMEUB,10,22.0,5500.0,5500.0,5500.0,1190.0,1725.0,4612.0
12556,24000,Arrondissement de Louvain,Arrondissement Leuven,Bezirk Löwen,VENTEIMMEUB,11,49.0,500.0,1750.0,3000.0,1832.0,4030.0,8425.0
12573,24000,Arrondissement de Louvain,Arrondissement Leuven,Bezirk Löwen,VENTEIMMEUB,35,9.0,6500.0,11750.0,17000.0,1580.0,4000.0,6972.0
12597,24000,Arrondissement de Louvain,Arrondissement Leuven,Bezirk Löwen,VENTEIMMEUB,70,150.0,3501.56,13936.5,133700.0,103.0,282.5,1125.0
12605,24000,Arrondissement de Louvain,Arrondissement Leuven,Bezirk Löwen,VENTEIMMEUB,78,229.0,120000.0,171250.0,303304.0,367.0,528.0,868.0
12615,24000,Arrondissement de Louvain,Arrondissement Leuven,Bezirk Löwen,VENTEIMMEUB,200,975.0,210000.0,284500.0,365000.0,226.0,504.0,991.0
12618,24000,Arrondissement de Louvain,Arrondissement Leuven,Bezirk Löwen,VENTEIMMEUB,203,11.0,2500.0,14000.0,95000.0,30.0,182.0,455.0
12619,24000,Arrondissement de Louvain,Arrondissement Leuven,Bezirk Löwen,VENTEIMMEUB,204,15.0,20000.0,21000.0,32000.0,19.0,50.0,280.0
12624,24000,Arrondissement de Louvain,Arrondissement Leuven,Bezirk Löwen,VENTEIMMEUB,222,8.0,370000.0,660000.0,1250000.0,125.5,182.5,433.5
12626,24000,Arrondissement de Louvain,Arrondissement Leuven,Bezirk Löwen,VENTEIMMEUB,240,9.0,215000.0,215000.0,215000.0,640.0,1235.0,1759.0
12631,24000,Arrondissement de Louvain,Arrondissement Leuven,Bezirk Löwen,VENTEIMMEUB,245,8.0,102500.0,165000.0,195000.0,88.5,473.0,1081.0
12633,24000,Arrondissement de Louvain,Arrondissement Leuven,Bezirk Löwen,VENTEIMMEUB,247,12.0,150000.0,245000.0,340000.0,121.0,1149.0,2513.0
12635,24000,Arrondissement de Louvain,Arrondissement Leuven,Bezirk Löwen,VENTEIMMEUB,261,5.0,150000.0,225000.0,300000.0,718.0,970.0,1000.0
12701,24000,Arrondissement de Louvain,Arrondissement Leuven,Bezirk Löwen,VENTEIMMEUB,407,48.0,225000.0,300000.0,350000.0,164.5,289.0,626.5
12749,24000,Arrondissement de Louvain,Arrondissement Leuven,Bezirk Löwen,VENTEIMMEUB,503,13.0,75000.0,105000.0,173000.0,508.0,824.0,965.0
12776,24000,Arrondissement de Louvain,Arrondissement Leuven,Bezirk Löwen,VENTEIMMEUB,539,27.0,48750.0,125000.0,267500.0,35.0,154.0,302.0
12851,24000,Arrondissement de Louvain,Arrondissement Leuven,Bezirk Löwen,VENTEPUBIMMEUB,78,6.0,126000.0,189500.0,253000.0,540.0,709.0,1427.0
12861,24000,Arrondissement de Louvain,Arrondissement Leuven,Bezirk Löwen,VENTEPUBIMMEUB,200,44.0,121000.0,170000.0,260000.0,182.0,413.0,1018.5
13038,24000,Arrondissement de Louvain,Arrondissement Leuven,Bezirk Löwen,TOTAL,1,1373.0,3950.25,8125.0,22270.0,1700.0,2976.0,5206.0
13039,24000,Arrondissement de Louvain,Arrondissement Leuven,Bezirk Löwen,TOTAL,2,306.0,5778.0,12436.0,35000.0,2120.0,3695.0,7429.0
13040,24000,Arrondissement de Louvain,Arrondissement Leuven,Bezirk Löwen,TOTAL,3,77.0,3300.0,4000.0,39000.0,1364.0,2616.0,6130.0
13041,24000,Arrondissement de Louvain,Arrondissement Leuven,Bezirk Löwen,TOTAL,4,234.0,2500.0,16000.0,67025.0,246.0,499.0,867.0
13046,24000,Arrondissement de Louvain,Arrondissement Leuven,Bezirk Löwen,TOTAL,9,223.0,3037.5,6272.5,19312.0,1430.0,2750.0,5400.0
13047,24000,Arrondissement de Louvain,Arrondissement Leuven,Bezirk Löwen,TOTAL,10,84.0,5500.0,17791.25,94438.0,1146.5,1916.5,3651.5
13048,24000,Arrondissement de Louvain,Arrondissement Leuven,Bezirk Löwen,TOTAL,11,125.0,4080.0,7429.0,14697.0,2170.0,3500.0,6497.0
13051,24000,Arrondissement de Louvain,Arrondissement Leuven,Bezirk Löwen,TOTAL,17,12.0,20000.0,20000.0,20000.0,537.0,1747.5,5715.0
13058,24000,Arrondissement de Louvain,Arrondissement Leuven,Bezirk Löwen,TOTAL,26,13.0,13000.0,13000.0,13000.0,1091.0,1885.0,3256.0
13063,24000,Arrondissement de Louvain,Arrondissement Leuven,Bezirk Löwen,TOTAL,33,47.0,177.0,7650.0,23000.0,128.0,365.0,6289.0
13065,24000,Arrondissement de Louvain,Arrondissement Leuven,Bezirk Löwen,TOTAL,35,27.0,3540.0,6500.0,17000.0,997.0,2025.0,4681.0
13089,24000,Arrondissement de Louvain,Arrondissement Leuven,Bezirk Löwen,TOTAL,70,311.0,3120.0,18570.0,131850.0,102.0,409.0,1255.0
13097,24000,Arrondissement de Louvain,Arrondissement Leuven,Bezirk Löwen,TOTAL,78,381.0,120000.0,170000.0,290286.0,412.0,647.0,1108.0
13107,24000,Arrondissement de Louvain,Arrondissement Leuven,Bezirk Löwen,TOTAL,200,2567.0,190000.0,260000.0,340000.0,270.0,605.0,1085.0
13110,24000,Arrondissement de Louvain,Arrondissement Leuven,Bezirk Löwen,TOTAL,203,36.0,3000.0,11693.5,26850.0,50.5,295.5,897.0
13111,24000,Arrondissement de Louvain,Arrondissement Leuven,Bezirk Löwen,TOTAL,204,43.0,15000.0,20000.0,40000.0,21.0,50.0,464.0
13116,24000,Arrondissement de Louvain,Arrondissement Leuven,Bezirk Löwen,TOTAL,222,43.0,390000.0,540000.0,875000.0,176.0,327.0,540.0
13118,24000,Arrondissement de Louvain,Arrondissement Leuven,Bezirk Löwen,TOTAL,240,57.0,134964.0,180000.0,300000.0,1033.0,1417.0,2340.0
13122,24000,Arrondissement de Louvain,Arrondissement Leuven,Bezirk Löwen,TOTAL,244,5.0,260000.0,260000.0,260000.0,1738.0,2339.0,4331.0
13123,24000,Arrondissement de Louvain,Arrondissement Leuven,Bezirk Löwen,TOTAL,245,16.0,65000.0,140000.0,190000.0,90.5,473.0,1610.0
13125,24000,Arrondissement de Louvain,Arrondissement Leuven,Bezirk Löwen,TOTAL,247,33.0,28000.0,175000.0,292500.0,32.0,236.0,1149.0
13127,24000,Arrondissement de Louvain,Arrondissement Leuven,Bezirk Löwen,TOTAL,261,6.0,150000.0,225000.0,300000.0,718.0,985.0,2750.0
13174,24000,Arrondissement de Louvain,Arrondissement Leuven,Bezirk Löwen,TOTAL,371,10.0,220000.0,1400000.0,2300000.0,256.0,769.0,2001.0
13193,24000,Arrondissement de Louvain,Arrondissement Leuven,Bezirk Löwen,TOTAL,407,95.0,190000.0,277200.0,350000.0,144.0,260.0,576.0
13194,24000,Arrondissement de Louvain,Arrondissement Leuven,Bezirk Löwen,TOTAL,408,5.0,575000.0,681000.0,940000.0,712.0,1360.0,2162.0
13224,24000,Arrondissement de Louvain,Arrondissement Leuven,Bezirk Löwen,TOTAL,460,12.0,633876.0,633876.0,633876.0,1592.0,1837.5,2806.5
13241,24000,Arrondissement de Louvain,Arrondissement Leuven,Bezirk Löwen,TOTAL,503,36.0,75000.0,107500.0,173000.0,347.0,717.0,1325.5
13249,24000,Arrondissement de Louvain,Arrondissement Leuven,Bezirk Löwen,TOTAL,520,5.0,600000.0,600000.0,600000.0,362.0,362.0,1940.0
13268,24000,Arrondissement de Louvain,Arrondissement Leuven,Bezirk Löwen,TOTAL,539,42.0,69000.0,150000.0,367500.0,84.0,188.5,595.5
13335,25000,Arrondissement de Nivelles,Arrondissement Nijvel,Bezirk Nivelles,CESSION,70,14.0,3936.0,59125.0,114314.0,345.0,443.0,934.0
13353,25000,Arrondissement de Nivelles,Arrondissement Nijvel,Bezirk Nivelles,CESSION,200,84.0,228000.0,295000.0,397000.0,348.0,769.0,1596.0
13776,25000,Arrondissement de Nivelles,Arrondissement Nijvel,Bezirk Nivelles,DONATIMMEUB,1,78.0,35000.0,64166.67,228000.0,1315.0,4144.5,11140.0
13777,25000,Arrondissement de Nivelles,Arrondissement Nijvel,Bezirk Nivelles,DONATIMMEUB,2,15.0,190400.0,195200.0,200000.0,1320.0,4816.0,8580.0
13779,25000,Arrondissement de Nivelles,Arrondissement Nijvel,Bezirk Nivelles,DONATIMMEUB,4,15.0,148720.0,148720.0,148720.0,350.0,900.0,1243.0
13827,25000,Arrondissement de Nivelles,Arrondissement Nijvel,Bezirk Nivelles,DONATIMMEUB,70,12.0,35000.0,107082.0,125000.0,833.0,1000.0,1362.0
13845,25000,Arrondissement de Nivelles,Arrondissement Nijvel,Bezirk Nivelles,DONATIMMEUB,200,94.0,138750.0,250000.0,300000.0,430.0,850.0,1500.0
14073,25000,Arrondissement de Nivelles,Arrondissement Nijvel,Bezirk Nivelles,OTHER,70,33.0,275000.0,275000.0,275000.0,555.0,1019.0,1639.0
14091,25000,Arrondissement de Nivelles,Arrondissement Nijvel,Bezirk Nivelles,OTHER,200,134.0,220000.0,280000.0,345000.0,418.5,773.0,1268.5
14177,25000,Arrondissement de Nivelles,Arrondissement Nijvel,Bezirk Nivelles,OTHER,407,6.0,315000.0,315000.0,315000.0,120.0,135.0,207.0
14271,25000,Arrondissement de Nivelles,Arrondissement Nijvel,Bezirk Nivelles,PARTAGE,4,8.0,148720.0,148720.0,148720.0,444.0,636.0,742.0
14319,25000,Arrondissement de Nivelles,Arrondissement Nijvel,Bezirk Nivelles,PARTAGE,70,16.0,37333.34,183935.0,230000.0,227.0,733.0,1667.5
14337,25000,Arrondissement de Nivelles,Arrondissement Nijvel,Bezirk Nivelles,PARTAGE,200,137.0,200000.0,310000.0,420000.0,338.0,784.5,1359.0
14514,25000,Arrondissement de Nivelles,Arrondissement Nijvel,Bezirk Nivelles,SUCCNALAT,1,453.0,3437.5,7364.0,24000.0,1700.0,3320.0,8405.0
14515,25000,Arrondissement de Nivelles,Arrondissement Nijvel,Bezirk Nivelles,SUCCNALAT,2,138.0,6687.0,12607.94,34158.5,1940.0,4436.5,10000.0
14516,25000,Arrondissement de Nivelles,Arrondissement Nijvel,Bezirk Nivelles,SUCCNALAT,3,33.0,2875.0,7929.97,13738.5,1100.0,3352.0,8110.0
14517,25000,Arrondissement de Nivelles,Arrondissement Nijvel,Bezirk Nivelles,SUCCNALAT,4,35.0,3304.0,8500.0,30000.0,416.0,500.0,1034.0
14522,25000,Arrondissement de Nivelles,Arrondissement Nijvel,Bezirk Nivelles,SUCCNALAT,9,42.0,1296.0,4170.0,15494.0,530.0,1567.0,3567.0
14539,25000,Arrondissement de Nivelles,Arrondissement Nijvel,Bezirk Nivelles,SUCCNALAT,33,27.0,362.0,762.0,1380.0,104.0,297.0,625.0
14541,25000,Arrondissement de Nivelles,Arrondissement Nijvel,Bezirk Nivelles,SUCCNALAT,35,13.0,227.6,2580.8,4934.0,522.0,2105.0,3690.0
14565,25000,Arrondissement de Nivelles,Arrondissement Nijvel,Bezirk Nivelles,SUCCNALAT,70,14.0,15000.0,20800.0,25100.0,327.0,470.5,1051.0
14583,25000,Arrondissement de Nivelles,Arrondissement Nijvel,Bezirk Nivelles,SUCCNALAT,200,502.0,180000.0,250000.0,325000.0,366.0,672.0,1114.0
14586,25000,Arrondissement de Nivelles,Arrondissement Nijvel,Bezirk Nivelles,SUCCNALAT,203,7.0,15000.0,15000.0,15000.0,9.0,60.0,491.0
14587,25000,Arrondissement de Nivelles,Arrondissement Nijvel,Bezirk Nivelles,SUCCNALAT,204,18.0,20000.0,45000.0,100000.0,32.0,55.5,329.0
14594,25000,Arrondissement de Nivelles,Arrondissement Nijvel,Bezirk Nivelles,SUCCNALAT,240,16.0,168750.0,257725.0,325090.0,1203.5,2500.5,3628.5
14601,25000,Arrondissement de Nivelles,Arrondissement Nijvel,Bezirk Nivelles,SUCCNALAT,247,11.0,811.0,7020.0,16250.0,33.0,169.0,874.0
14669,25000,Arrondissement de Nivelles,Arrondissement Nijvel,Bezirk Nivelles,SUCCNALAT,407,12.0,150000.0,202500.0,320000.0,95.0,239.5,624.5
14760,25000,Arrondissement de Nivelles,Arrondissement Nijvel,Bezirk Nivelles,VENTEIMMEUB,1,115.0,7000.0,45000.0,155000.0,1625.0,3349.0,7322.0
14761,25000,Arrondissement de Nivelles,Arrondissement Nijvel,Bezirk Nivelles,VENTEIMMEUB,2,62.0,45000.0,130000.0,190000.0,901.0,1774.0,3390.0
14762,25000,Arrondissement de Nivelles,Arrondissement Nijvel,Bezirk Nivelles,VENTEIMMEUB,3,12.0,290000.0,290000.0,290000.0,1010.0,2245.0,2590.0
14763,25000,Arrondissement de Nivelles,Arrondissement Nijvel,Bezirk Nivelles,VENTEIMMEUB,4,88.0,5000.0,25000.0,75363.0,336.5,552.0,944.5
14768,25000,Arrondissement de Nivelles,Arrondissement Nijvel,Bezirk Nivelles,VENTEIMMEUB,9,30.0,6000.0,12000.0,25000.0,1289.0,3085.5,5300.0
14811,25000,Arrondissement de Nivelles,Arrondissement Nijvel,Bezirk Nivelles,VENTEIMMEUB,70,201.0,110000.0,172972.25,286736.0,261.0,681.0,1464.0
14819,25000,Arrondissement de Nivelles,Arrondissement Nijvel,Bezirk Nivelles,VENTEIMMEUB,78,98.0,138700.0,221393.8,282400.0,406.0,1024.5,1400.0
14829,25000,Arrondissement de Nivelles,Arrondissement Nijvel,Bezirk Nivelles,VENTEIMMEUB,200,771.0,230000.0,313000.0,405000.0,287.0,630.0,1159.0
14832,25000,Arrondissement de Nivelles,Arrondissement Nijvel,Bezirk Nivelles,VENTEIMMEUB,203,9.0,80100.0,85000.0,155000.0,18.0,40.0,404.0
14833,25000,Arrondissement de Nivelles,Arrondissement Nijvel,Bezirk Nivelles,VENTEIMMEUB,204,18.0,21500.0,45000.0,87500.0,18.0,44.0,409.0
14840,25000,Arrondissement de Nivelles,Arrondissement Nijvel,Bezirk Nivelles,VENTEIMMEUB,240,5.0,205000.0,205000.0,205000.0,1180.0,1611.0,2047.0
14847,25000,Arrondissement de Nivelles,Arrondissement Nijvel,Bezirk Nivelles,VENTEIMMEUB,247,10.0,82000.0,145000.0,190000.0,78.0,581.5,1751.0
14896,25000,Arrondissement de Nivelles,Arrondissement Nijvel,Bezirk Nivelles,VENTEIMMEUB,371,10.0,115750.0,168338.29,787500.0,1060.0,2599.0,4117.0
14910,25000,Arrondissement de Nivelles,Arrondissement Nijvel,Bezirk Nivelles,VENTEIMMEUB,402,8.0,442500.0,635000.0,2225000.0,1228.0,1607.5,4415.5
14915,25000,Arrondissement de Nivelles,Arrondissement Nijvel,Bezirk Nivelles,VENTEIMMEUB,407,12.0,190000.0,230000.0,287500.0,133.0,215.0,659.0
14990,25000,Arrondissement de Nivelles,Arrondissement Nijvel,Bezirk Nivelles,VENTEIMMEUB,539,23.0,95000.0,150000.0,350000.0,43.0,970.0,1585.0
15075,25000,Arrondissement de Nivelles,Arrondissement Nijvel,Bezirk Nivelles,VENTEPUBIMMEUB,200,13.0,165761.58,254625.0,355560.21,198.0,716.0,1426.0
15252,25000,Arrondissement de Nivelles,Arrondissement Nijvel,Bezirk Nivelles,TOTAL,1,751.0,3703.0,8875.5,30570.0,1650.0,3512.0,8740.0
15253,25000,Arrondissement de Nivelles,Arrondissement Nijvel,Bezirk Nivelles,TOTAL,2,283.0,7315.0,19944.17,102500.0,1460.0,3640.0,8010.0
15254,25000,Arrondissement de Nivelles,Arrondissement Nijvel,Bezirk Nivelles,TOTAL,3,51.0,3000.0,8016.94,15477.0,1100.0,2530.0,6200.0
15255,25000,Arrondissement de Nivelles,Arrondissement Nijvel,Bezirk Nivelles,TOTAL,4,176.0,4250.0,22500.0,67681.5,375.5,571.0,978.5
15260,25000,Arrondissement de Nivelles,Arrondissement Nijvel,Bezirk Nivelles,TOTAL,9,91.0,2250.0,5124.0,25000.0,845.0,2290.0,5310.0
15261,25000,Arrondissement de Nivelles,Arrondissement Nijvel,Bezirk Nivelles,TOTAL,10,23.0,5713.0,22856.5,40000.0,608.0,2150.0,2549.0
15265,25000,Arrondissement de Nivelles,Arrondissement Nijvel,Bezirk Nivelles,TOTAL,17,14.0,44000.0,44000.0,44000.0,1101.0,2655.0,8230.0
15277,25000,Arrondissement de Nivelles,Arrondissement Nijvel,Bezirk Nivelles,TOTAL,33,57.0,362.0,762.0,1380.0,116.0,297.0,630.0
15279,25000,Arrondissement de Nivelles,Arrondissement Nijvel,Bezirk Nivelles,TOTAL,35,21.0,227.6,2580.8,4934.0,230.0,1065.0,2730.0
15303,25000,Arrondissement de Nivelles,Arrondissement Nijvel,Bezirk Nivelles,TOTAL,70,300.0,77692.5,170000.0,275000.0,278.5,734.5,1486.0
15311,25000,Arrondissement de Nivelles,Arrondissement Nijvel,Bezirk Nivelles,TOTAL,78,126.0,137122.25,197484.0,282040.18,486.0,1024.5,1412.0
15321,25000,Arrondissement de Nivelles,Arrondissement Nijvel,Bezirk Nivelles,TOTAL,200,1793.0,205000.0,280000.0,375000.0,335.0,699.0,1225.0
15324,25000,Arrondissement de Nivelles,Arrondissement Nijvel,Bezirk Nivelles,TOTAL,203,17.0,47550.0,82550.0,120000.0,18.0,60.0,404.0
15325,25000,Arrondissement de Nivelles,Arrondissement Nijvel,Bezirk Nivelles,TOTAL,204,47.0,15000.0,30000.0,95000.0,22.0,42.0,368.0
15330,25000,Arrondissement de Nivelles,Arrondissement Nijvel,Bezirk Nivelles,TOTAL,222,12.0,205000.0,342443.2,777500.0,274.5,417.0,1174.0
15332,25000,Arrondissement de Nivelles,Arrondissement Nijvel,Bezirk Nivelles,TOTAL,240,23.0,195000.0,245450.0,320000.0,1180.0,2405.0,4012.0
15339,25000,Arrondissement de Nivelles,Arrondissement Nijvel,Bezirk Nivelles,TOTAL,247,26.0,7020.0,34500.0,145000.0,78.0,270.0,1232.0
15388,25000,Arrondissement de Nivelles,Arrondissement Nijvel,Bezirk Nivelles,TOTAL,371,17.0,81500.0,152000.0,425000.0,931.0,2202.5,4288.5
15402,25000,Arrondissement de Nivelles,Arrondissement Nijvel,Bezirk Nivelles,TOTAL,402,10.0,442500.0,635000.0,2225000.0,955.0,1607.5,3250.0
15407,25000,Arrondissement de Nivelles,Arrondissement Nijvel,Bezirk Nivelles,TOTAL,407,43.0,177500.0,220000.0,301250.0,95.0,159.0,489.0
15455,25000,Arrondissement de Nivelles,Arrondissement Nijvel,Bezirk Nivelles,TOTAL,503,7.0,77025.56,170000.0,375000.0,244.0,1006.0,3618.0
15482,25000,Arrondissement de Nivelles,Arrondissement Nijvel,Bezirk Nivelles,TOTAL,539,32.0,87500.0,140000.0,347500.0,414.5,885.0,1453.5
15498,31000,Arrondissement de Bruges,Arrondissement Brugge,Bezirk Brügge,CESSION,1,22.0,20966.0,20966.0,20966.0,3140.0,3880.0,7937.0
15567,31000,Arrondissement de Bruges,Arrondissement Brugge,Bezirk Brügge,CESSION,200,81.0,137838.7,220000.0,303000.0,182.0,307.0,682.0
15578,31000,Arrondissement de Bruges,Arrondissement Brugge,Bezirk Brügge,CESSION,240,5.0,420000.0,420000.0,420000.0,1563.0,1762.0,2154.0
15990,31000,Arrondissement de Bruges,Arrondissement Brugge,Bezirk Brügge,DONATIMMEUB,1,31.0,800.0,800.0,800.0,1480.0,3215.0,6610.0
16041,31000,Arrondissement de Bruges,Arrondissement Brugge,Bezirk Brügge,DONATIMMEUB,70,8.0,105000.0,117500.0,130000.0,470.0,519.0,1068.5
16059,31000,Arrondissement de Bruges,Arrondissement Brugge,Bezirk Brügge,DONATIMMEUB,200,117.0,175000.0,250000.0,300000.0,203.0,442.0,675.5
16068,31000,Arrondissement de Bruges,Arrondissement Brugge,Bezirk Brügge,DONATIMMEUB,222,7.0,275000.0,625000.0,962500.0,135.0,182.0,334.0
16145,31000,Arrondissement de Bruges,Arrondissement Brugge,Bezirk Brügge,DONATIMMEUB,407,12.0,230875.0,305000.0,662500.0,95.0,114.0,296.0
16287,31000,Arrondissement de Bruges,Arrondissement Brugge,Bezirk Brügge,OTHER,70,53.0,10000.0,40000.0,70000.0,43.0,176.0,675.0
16305,31000,Arrondissement de Bruges,Arrondissement Brugge,Bezirk Brügge,OTHER,200,475.0,190000.0,262500.0,330000.0,55.0,106.0,328.0
16309,31000,Arrondissement de Bruges,Arrondissement Brugge,Bezirk Brügge,OTHER,204,15.0,246000.0,246000.0,246000.0,19.0,36.0,260.0
16314,31000,Arrondissement de Bruges,Arrondissement Brugge,Bezirk Brügge,OTHER,222,21.0,750000.0,843000.0,936000.0,191.0,301.0,399.0
16372,31000,Arrondissement de Bruges,Arrondissement Brugge,Bezirk Brügge,OTHER,371,6.0,360000.0,360000.0,360000.0,1280.0,2581.5,8285.0
16391,31000,Arrondissement de Bruges,Arrondissement Brugge,Bezirk Brügge,OTHER,407,34.0,204000.0,250000.0,285000.0,85.0,210.0,267.0
16551,31000,Arrondissement de Bruges,Arrondissement Brugge,Bezirk Brügge,PARTAGE,200,6.0,185000.0,205000.0,287000.0,114.0,176.0,377.0
16728,31000,Arrondissement de Bruges,Arrondissement Brugge,Bezirk Brügge,SUCCNALAT,1,68.0,9100.0,20000.0,71000.0,2225.0,4480.0,7590.0
16729,31000,Arrondissement de Bruges,Arrondissement Brugge,Bezirk Brügge,SUCCNALAT,2,55.0,15500.0,35115.0,203698.5,2365.0,4000.0,10286.0
16731,31000,Arrondissement de Bruges,Arrondissement Brugge,Bezirk Brügge,SUCCNALAT,4,12.0,5200.0,107600.0,210000.0,364.5,433.5,671.5
16736,31000,Arrondissement de Bruges,Arrondissement Brugge,Bezirk Brügge,SUCCNALAT,9,11.0,17660.0,20000.0,115000.0,5510.0,6710.0,33060.0
16797,31000,Arrondissement de Bruges,Arrondissement Brugge,Bezirk Brügge,SUCCNALAT,200,350.0,200000.0,240000.0,300000.0,222.0,422.0,790.0
16801,31000,Arrondissement de Bruges,Arrondissement Brugge,Bezirk Brügge,SUCCNALAT,204,26.0,25000.0,30000.0,32500.0,17.0,18.0,43.0
16806,31000,Arrondissement de Bruges,Arrondissement Brugge,Bezirk Brügge,SUCCNALAT,222,11.0,250000.0,457500.0,550000.0,118.0,155.0,226.0
16808,31000,Arrondissement de Bruges,Arrondissement Brugge,Bezirk Brügge,SUCCNALAT,240,9.0,300000.0,310000.0,380000.0,2525.0,2891.0,4241.0
16883,31000,Arrondissement de Bruges,Arrondissement Brugge,Bezirk Brügge,SUCCNALAT,407,13.0,325000.0,475000.0,1000000.0,110.0,200.0,420.0
16974,31000,Arrondissement de Bruges,Arrondissement Brugge,Bezirk Brügge,VENTEIMMEUB,1,76.0,20000.0,90000.0,180000.0,1005.0,2958.0,7425.5
16975,31000,Arrondissement de Bruges,Arrondissement Brugge,Bezirk Brügge,VENTEIMMEUB,2,40.0,16250.0,24000.0,209231.79,1658.5,3129.5,6780.0
16977,31000,Arrondissement de Bruges,Arrondissement Brugge,Bezirk Brügge,VENTEIMMEUB,4,21.0,8000.0,46800.0,80520.0,302.0,418.0,690.0
16982,31000,Arrondissement de Bruges,Arrondissement Brugge,Bezirk Brügge,VENTEIMMEUB,9,11.0,320000.0,320000.0,320000.0,1109.0,1785.0,9414.0
17025,31000,Arrondissement de Bruges,Arrondissement Brugge,Bezirk Brügge,VENTEIMMEUB,70,147.0,12500.0,115000.0,270378.0,107.0,230.0,605.0
17033,31000,Arrondissement de Bruges,Arrondissement Brugge,Bezirk Brügge,VENTEIMMEUB,78,120.0,109000.0,264000.0,355000.0,186.5,299.5,440.5
17043,31000,Arrondissement de Bruges,Arrondissement Brugge,Bezirk Brügge,VENTEIMMEUB,200,696.0,215000.0,270000.0,349500.0,160.0,292.5,596.0
17046,31000,Arrondissement de Bruges,Arrondissement Brugge,Bezirk Brügge,VENTEIMMEUB,203,10.0,10000.0,22000.0,199000.0,96.0,534.5,2579.0
17047,31000,Arrondissement de Bruges,Arrondissement Brugge,Bezirk Brügge,VENTEIMMEUB,204,21.0,25000.0,25000.0,36000.0,17.0,20.0,37.0
17052,31000,Arrondissement de Bruges,Arrondissement Brugge,Bezirk Brügge,VENTEIMMEUB,222,19.0,280000.0,500000.0,765000.0,94.0,176.0,253.0
17110,31000,Arrondissement de Bruges,Arrondissement Brugge,Bezirk Brügge,VENTEIMMEUB,371,7.0,110000.0,235000.0,292000.0,106.0,342.0,2720.0
17129,31000,Arrondissement de Bruges,Arrondissement Brugge,Bezirk Brügge,VENTEIMMEUB,407,46.0,249500.0,347500.0,581000.0,115.0,195.0,424.0
17204,31000,Arrondissement de Bruges,Arrondissement Brugge,Bezirk Brügge,VENTEIMMEUB,539,47.0,29000.0,39500.0,120000.0,143.0,284.0,1462.0
17466,31000,Arrondissement de Bruges,Arrondissement Brugge,Bezirk Brügge,TOTAL,1,242.0,11415.0,38208.0,97178.0,2120.0,3720.0,7391.0
17467,31000,Arrondissement de Bruges,Arrondissement Brugge,Bezirk Brügge,TOTAL,2,140.0,16250.0,31115.0,209231.79,2264.5,4340.0,9471.0
17468,31000,Arrondissement de Bruges,Arrondissement Brugge,Bezirk Brügge,TOTAL,3,9.0,1220000.0,1220000.0,1220000.0,3270.0,6213.0,6320.0
17469,31000,Arrondissement de Bruges,Arrondissement Brugge,Bezirk Brügge,TOTAL,4,64.0,6000.0,46800.0,165000.0,305.0,530.0,1020.0
17474,31000,Arrondissement de Bruges,Arrondissement Brugge,Bezirk Brügge,TOTAL,9,26.0,17660.0,21000.0,140000.0,1416.0,2539.5,9414.0
17517,31000,Arrondissement de Bruges,Arrondissement Brugge,Bezirk Brügge,TOTAL,70,230.0,12500.0,112312.5,265000.0,97.0,231.0,606.0
17525,31000,Arrondissement de Bruges,Arrondissement Brugge,Bezirk Brügge,TOTAL,78,189.0,115000.0,260000.0,352500.0,185.0,306.0,482.0
17535,31000,Arrondissement de Bruges,Arrondissement Brugge,Bezirk Brügge,TOTAL,200,1803.0,204500.0,255000.0,329100.0,122.0,278.5,600.0
17538,31000,Arrondissement de Bruges,Arrondissement Brugge,Bezirk Brügge,TOTAL,203,45.0,10000.0,22000.0,199000.0,25.0,117.0,418.0
17539,31000,Arrondissement de Bruges,Arrondissement Brugge,Bezirk Brügge,TOTAL,204,77.0,25000.0,30000.0,36000.0,17.0,19.0,48.0
17544,31000,Arrondissement de Bruges,Arrondissement Brugge,Bezirk Brügge,TOTAL,222,62.0,280000.0,507500.0,832500.0,135.0,192.0,313.0
17546,31000,Arrondissement de Bruges,Arrondissement Brugge,Bezirk Brügge,TOTAL,240,25.0,150000.0,310000.0,420000.0,1800.0,2891.0,5013.0
17551,31000,Arrondissement de Bruges,Arrondissement Brugge,Bezirk Brügge,TOTAL,245,5.0,234610.0,234610.0,234610.0,31.0,1383.0,1383.0
17553,31000,Arrondissement de Bruges,Arrondissement Brugge,Bezirk Brügge,TOTAL,247,9.0,200.0,76450.0,152700.0,39.0,433.0,3319.0
17555,31000,Arrondissement de Bruges,Arrondissement Brugge,Bezirk Brügge,TOTAL,261,5.0,100000.0,100000.0,100000.0,544.0,1182.0,1608.0
17559,31000,Arrondissement de Bruges,Arrondissement Brugge,Bezirk Brügge,TOTAL,265,8.0,21816.0,540000.0,600000.0,796.0,1987.0,2209.0
17602,31000,Arrondissement de Bruges,Arrondissement Brugge,Bezirk Brügge,TOTAL,371,21.0,131580.0,263500.0,360000.0,342.0,1241.0,3813.0
17621,31000,Arrondissement de Bruges,Arrondissement Brugge,Bezirk Brügge,TOTAL,407,112.0,240000.0,325000.0,570000.0,101.0,193.0,340.0
17657,31000,Arrondissement de Bruges,Arrondissement Brugge,Bezirk Brügge,TOTAL,481,6.0,10000.0,10000.0,10000.0,30.0,56.0,143.0
17696,31000,Arrondissement de Bruges,Arrondissement Brugge,Bezirk Brügge,TOTAL,539,70.0,29000.0,39500.0,120000.0,108.5,458.0,1507.5
17712,32000,Arrondissement de Dixmude,Arrondissement Diksmuide,Bezirk Diksmuide,CESSION,1,18.0,20438.3,20438.3,20438.3,2660.0,4377.5,6950.0
17781,32000,Arrondissement de Dixmude,Arrondissement Diksmuide,Bezirk Diksmuide,CESSION,200,12.0,60000.0,110625.0,175000.0,380.0,778.0,1240.5
18205,32000,Arrondissement de Dixmude,Arrondissement Diksmuide,Bezirk Diksmuide,DONATIMMEUB,2,15.0,239129.0,239129.0,239129.0,3650.0,5385.0,20699.0
18273,32000,Arrondissement de Dixmude,Arrondissement Diksmuide,Bezirk Diksmuide,DONATIMMEUB,200,23.0,156000.0,190000.0,255000.0,311.0,570.0,1400.0
18291,32000,Arrondissement de Dixmude,Arrondissement Diksmuide,Bezirk Diksmuide,DONATIMMEUB,247,5.0,155000.0,155000.0,155000.0,724.0,1426.0,3651.0
18450,32000,Arrondissement de Dixmude,Arrondissement Diksmuide,Bezirk Diksmuide,OTHER,1,22.0,6150.0,11340.0,16845.0,1105.0,2345.5,5580.0
18501,32000,Arrondissement de Dixmude,Arrondissement Diksmuide,Bezirk Diksmuide,OTHER,70,10.0,10500.0,46500.0,82500.0,11.0,148.5,805.0
18509,32000,Arrondissement de Dixmude,Arrondissement Diksmuide,Bezirk Diksmuide,OTHER,78,61.0,15000.0,15000.0,15000.0,318.0,406.0,485.0
18519,32000,Arrondissement de Dixmude,Arrondissement Diksmuide,Bezirk Diksmuide,OTHER,200,37.0,115000.0,185000.0,265000.0,405.0,772.0,1423.0
18765,32000,Arrondissement de Dixmude,Arrondissement Diksmuide,Bezirk Diksmuide,PARTAGE,200,5.0,120710.26,150035.0,175000.0,777.0,1019.0,1693.0
18942,32000,Arrondissement de Dixmude,Arrondissement Diksmuide,Bezirk Diksmuide,SUCCNALAT,1,56.0,56095.0,105000.0,193336.0,2627.5,5895.0,10589.5
18943,32000,Arrondissement de Dixmude,Arrondissement Diksmuide,Bezirk Diksmuide,SUCCNALAT,2,23.0,44080.0,59550.0,88000.0,3120.0,7170.0,13132.0
18944,32000,Arrondissement de Dixmude,Arrondissement Diksmuide,Bezirk Diksmuide,SUCCNALAT,3,10.0,5000.0,10795.0,12898.0,2810.0,6085.0,8599.0
19011,32000,Arrondissement de Dixmude,Arrondissement Diksmuide,Bezirk Diksmuide,SUCCNALAT,200,72.0,130000.0,175000.0,240000.0,379.0,655.0,1157.0
19022,32000,Arrondissement de Dixmude,Arrondissement Diksmuide,Bezirk Diksmuide,SUCCNALAT,240,5.0,290000.0,290000.0,290000.0,2136.0,3075.0,3090.0
19188,32000,Arrondissement de Dixmude,Arrondissement Diksmuide,Bezirk Diksmuide,VENTEIMMEUB,1,42.0,48000.0,71626.5,129683.5,2296.0,5910.0,10303.0
19189,32000,Arrondissement de Dixmude,Arrondissement Diksmuide,Bezirk Diksmuide,VENTEIMMEUB,2,15.0,3180.0,3180.0,3180.0,2813.0,7432.0,16674.0
19191,32000,Arrondissement de Dixmude,Arrondissement Diksmuide,Bezirk Diksmuide,VENTEIMMEUB,4,12.0,9350.0,128000.0,316793.4,234.0,338.0,486.0
19239,32000,Arrondissement de Dixmude,Arrondissement Diksmuide,Bezirk Diksmuide,VENTEIMMEUB,70,26.0,9328.1,47800.0,278435.565,63.0,328.0,1368.0
19247,32000,Arrondissement de Dixmude,Arrondissement Diksmuide,Bezirk Diksmuide,VENTEIMMEUB,78,53.0,115830.0,162907.5,245530.5,241.0,394.0,505.0
19257,32000,Arrondissement de Dixmude,Arrondissement Diksmuide,Bezirk Diksmuide,VENTEIMMEUB,200,117.0,160000.0,226000.0,275000.0,365.0,531.0,830.0
19343,32000,Arrondissement de Dixmude,Arrondissement Diksmuide,Bezirk Diksmuide,VENTEIMMEUB,407,8.0,175000.0,220000.0,245000.0,287.0,383.0,643.0
19418,32000,Arrondissement de Dixmude,Arrondissement Diksmuide,Bezirk Diksmuide,VENTEIMMEUB,539,11.0,90000.0,109675.0,190000.0,274.0,745.5,3127.0
19680,32000,Arrondissement de Dixmude,Arrondissement Diksmuide,Bezirk Diksmuide,TOTAL,1,182.0,11370.0,47547.5,107500.0,2454.0,5337.0,9110.0
19681,32000,Arrondissement de Dixmude,Arrondissement Diksmuide,Bezirk Diksmuide,TOTAL,2,79.0,3200.0,59550.0,239129.0,2850.0,7170.0,16674.0
19682,32000,Arrondissement de Dixmude,Arrondissement Diksmuide,Bezirk Diksmuide,TOTAL,3,23.0,5000.0,10375.0,12898.0,3850.0,6350.0,8758.0
19683,32000,Arrondissement de Dixmude,Arrondissement Diksmuide,Bezirk Diksmuide,TOTAL,4,23.0,9350.0,128000.0,316793.4,245.0,456.0,832.0
19731,32000,Arrondissement de Dixmude,Arrondissement Diksmuide,Bezirk Diksmuide,TOTAL,70,44.0,10500.0,45600.0,254701.13,70.5,316.5,1389.5
19739,32000,Arrondissement de Dixmude,Arrondissement Diksmuide,Bezirk Diksmuide,TOTAL,78,116.0,114660.0,150000.0,240000.0,297.0,400.5,497.5
19749,32000,Arrondissement de Dixmude,Arrondissement Diksmuide,Bezirk Diksmuide,TOTAL,200,296.0,150000.0,200000.0,261000.0,379.0,610.0,1110.0
19760,32000,Arrondissement de Dixmude,Arrondissement Diksmuide,Bezirk Diksmuide,TOTAL,240,16.0,290000.0,332500.0,375000.0,2574.5,5372.5,8888.0
19767,32000,Arrondissement de Dixmude,Arrondissement Diksmuide,Bezirk Diksmuide,TOTAL,247,24.0,20000.0,50000.0,155000.0,499.0,1030.0,3747.0
19816,32000,Arrondissement de Dixmude,Arrondissement Diksmuide,Bezirk Diksmuide,TOTAL,371,5.0,74456.0,82228.0,90000.0,819.0,1036.0,3330.0
19835,32000,Arrondissement de Dixmude,Arrondissement Diksmuide,Bezirk Diksmuide,TOTAL,407,23.0,175000.0,210000.0,245000.0,295.0,476.0,897.0
19910,32000,Arrondissement de Dixmude,Arrondissement Diksmuide,Bezirk Diksmuide,TOTAL,539,14.0,59000.0,99837.5,149837.5,274.0,765.0,3127.0
19926,33000,Arrondissement d'Ypres,Arrondissement Ieper,Bezirk Ypern,CESSION,1,18.0,16750.0,16750.0,16750.0,3378.0,5607.0,13200.0
19995,33000,Arrondissement d'Ypres,Arrondissement Ieper,Bezirk Ypern,CESSION,200,18.0,50000.0,85000.0,155000.0,390.0,911.0,1390.0
20487,33000,Arrondissement d'Ypres,Arrondissement Ieper,Bezirk Ypern,DONATIMMEUB,200,32.0,112500.0,168750.0,240000.0,281.0,468.0,857.0
20665,33000,Arrondissement d'Ypres,Arrondissement Ieper,Bezirk Ypern,OTHER,2,7.0,16000.0,90014.0,164028.0,4619.0,8460.0,12354.0
20715,33000,Arrondissement d'Ypres,Arrondissement Ieper,Bezirk Ypern,OTHER,70,25.0,16000.0,16000.0,16000.0,6.0,79.0,460.0
20733,33000,Arrondissement d'Ypres,Arrondissement Ieper,Bezirk Ypern,OTHER,200,43.0,65622.435,95000.0,127472.39,248.0,454.0,815.0
20819,33000,Arrondissement d'Ypres,Arrondissement Ieper,Bezirk Ypern,OTHER,407,5.0,289000.0,289000.0,289000.0,112.0,593.0,626.0
20894,33000,Arrondissement d'Ypres,Arrondissement Ieper,Bezirk Ypern,OTHER,539,5.0,22500.0,24000.0,40000.0,255.0,578.0,1047.0
20979,33000,Arrondissement d'Ypres,Arrondissement Ieper,Bezirk Ypern,PARTAGE,200,7.0,6000.0,43312.5,80625.0,156.0,300.0,420.0
21156,33000,Arrondissement d'Ypres,Arrondissement Ieper,Bezirk Ypern,SUCCNALAT,1,95.0,27060.0,37500.0,50000.0,3000.0,5460.0,9130.0
21157,33000,Arrondissement d'Ypres,Arrondissement Ieper,Bezirk Ypern,SUCCNALAT,2,27.0,13975.0,34912.5,56250.0,2300.0,5174.0,10619.0
21159,33000,Arrondissement d'Ypres,Arrondissement Ieper,Bezirk Ypern,SUCCNALAT,4,7.0,775.0,3387.5,6000.0,68.0,195.0,250.0
21225,33000,Arrondissement d'Ypres,Arrondissement Ieper,Bezirk Ypern,SUCCNALAT,200,173.0,130000.0,172500.0,236000.0,273.0,467.0,754.0
21229,33000,Arrondissement d'Ypres,Arrondissement Ieper,Bezirk Ypern,SUCCNALAT,204,6.0,13000.0,15000.0,25000.0,14.0,21.5,32.0
21236,33000,Arrondissement d'Ypres,Arrondissement Ieper,Bezirk Ypern,SUCCNALAT,240,6.0,110000.0,132500.0,155000.0,820.0,2330.0,3572.0
21311,33000,Arrondissement d'Ypres,Arrondissement Ieper,Bezirk Ypern,SUCCNALAT,407,11.0,150000.0,153000.0,225000.0,97.0,265.0,822.0
21402,33000,Arrondissement d'Ypres,Arrondissement Ieper,Bezirk Ypern,VENTEIMMEUB,1,54.0,19901.25,30020.0,83000.0,3122.0,5641.5,9374.0
21403,33000,Arrondissement d'Ypres,Arrondissement Ieper,Bezirk Ypern,VENTEIMMEUB,2,26.0,23000.0,44620.83,75000.0,2743.0,6541.5,12530.0
21405,33000,Arrondissement d'Ypres,Arrondissement Ieper,Bezirk Ypern,VENTEIMMEUB,4,12.0,4125.0,6400.0,60000.0,42.5,221.0,313.5
21427,33000,Arrondissement d'Ypres,Arrondissement Ieper,Bezirk Ypern,VENTEIMMEUB,33,7.0,10000.0,10000.0,10000.0,250.0,579.0,9186.0
21453,33000,Arrondissement d'Ypres,Arrondissement Ieper,Bezirk Ypern,VENTEIMMEUB,70,69.0,6675.0,62500.0,208930.0,111.0,340.0,1801.0
21461,33000,Arrondissement d'Ypres,Arrondissement Ieper,Bezirk Ypern,VENTEIMMEUB,78,28.0,33000.0,193000.0,251562.0,188.0,318.0,405.5
21471,33000,Arrondissement d'Ypres,Arrondissement Ieper,Bezirk Ypern,VENTEIMMEUB,200,228.0,132438.5,189500.0,255000.0,202.0,335.0,622.0
21475,33000,Arrondissement d'Ypres,Arrondissement Ieper,Bezirk Ypern,VENTEIMMEUB,204,11.0,15000.0,15000.0,31000.0,18.0,24.0,46.0
21482,33000,Arrondissement d'Ypres,Arrondissement Ieper,Bezirk Ypern,VENTEIMMEUB,240,6.0,335000.0,342500.0,350000.0,1200.0,2059.5,4436.0
21538,33000,Arrondissement d'Ypres,Arrondissement Ieper,Bezirk Ypern,VENTEIMMEUB,371,7.0,189000.0,357500.0,630000.0,240.0,691.0,2784.0
21557,33000,Arrondissement d'Ypres,Arrondissement Ieper,Bezirk Ypern,VENTEIMMEUB,407,13.0,123000.0,212500.0,255000.0,335.0,433.0,833.0
21632,33000,Arrondissement d'Ypres,Arrondissement Ieper,Bezirk Ypern,VENTEIMMEUB,539,8.0,68000.0,130000.0,284975.0,18.0,283.5,1543.0
21894,33000,Arrondissement d'Ypres,Arrondissement Ieper,Bezirk Ypern,TOTAL,1,314.0,20500.0,36270.0,65000.0,3320.0,6179.0,10630.0
21895,33000,Arrondissement d'Ypres,Arrondissement Ieper,Bezirk Ypern,TOTAL,2,99.0,16000.0,33810.415,60000.0,2612.0,6313.0,11910.0
21896,33000,Arrondissement d'Ypres,Arrondissement Ieper,Bezirk Ypern,TOTAL,3,19.0,3718.0,3718.0,3718.0,1900.0,2250.0,7010.0
21897,33000,Arrondissement d'Ypres,Arrondissement Ieper,Bezirk Ypern,TOTAL,4,28.0,4125.0,6200.0,44550.0,148.0,248.0,322.5
21902,33000,Arrondissement d'Ypres,Arrondissement Ieper,Bezirk Ypern,TOTAL,9,6.0,18000.0,56816.0,95632.0,2215.0,8302.0,13036.0
21919,33000,Arrondissement d'Ypres,Arrondissement Ieper,Bezirk Ypern,TOTAL,33,20.0,5250.0,7625.0,10000.0,187.0,298.0,917.5
21942,33000,Arrondissement d'Ypres,Arrondissement Ieper,Bezirk Ypern,TOTAL,67,12.0,7200.0,7200.0,7200.0,415.0,556.0,716.0
21945,33000,Arrondissement d'Ypres,Arrondissement Ieper,Bezirk Ypern,TOTAL,70,117.0,8232.66,47925.0,208930.0,92.0,335.0,1788.0
21953,33000,Arrondissement d'Ypres,Arrondissement Ieper,Bezirk Ypern,TOTAL,78,52.0,21571.185,161500.0,249806.725,260.5,381.0,490.0
21963,33000,Arrondissement d'Ypres,Arrondissement Ieper,Bezirk Ypern,TOTAL,200,531.0,120000.0,175000.0,240000.0,230.0,420.0,718.0
21966,33000,Arrondissement d'Ypres,Arrondissement Ieper,Bezirk Ypern,TOTAL,203,6.0,14600.0,34800.0,55000.0,40.0,118.5,533.0
21967,33000,Arrondissement d'Ypres,Arrondissement Ieper,Bezirk Ypern,TOTAL,204,22.0,15000.0,15000.0,25000.0,18.0,28.0,252.0
21974,33000,Arrondissement d'Ypres,Arrondissement Ieper,Bezirk Ypern,TOTAL,240,17.0,155000.0,280000.0,335000.0,1200.0,2374.0,4436.0
21981,33000,Arrondissement d'Ypres,Arrondissement Ieper,Bezirk Ypern,TOTAL,247,9.0,20000.0,43350.0,66700.0,469.0,715.0,1047.0
22030,33000,Arrondissement d'Ypres,Arrondissement Ieper,Bezirk Ypern,TOTAL,371,15.0,189000.0,357500.0,630000.0,240.0,1123.0,3455.0
22049,33000,Arrondissement d'Ypres,Arrondissement Ieper,Bezirk Ypern,TOTAL,407,33.0,149000.0,212500.0,260000.0,170.0,494.0,669.0
22124,33000,Arrondissement d'Ypres,Arrondissement Ieper,Bezirk Ypern,TOTAL,539,16.0,32000.0,94000.0,207487.5,141.0,812.5,1899.0
22140,34000,Arrondissement de Courtrai,Arrondissement Kortrijk,Bezirk Kortrijk,CESSION,1,12.0,11875.0,52556.49,93237.98,1266.0,7473.0,13637.5
22209,34000,Arrondissement de Courtrai,Arrondissement Kortrijk,Bezirk Kortrijk,CESSION,200,60.0,130000.0,177450.0,245000.0,233.0,361.5,644.5
22213,34000,Arrondissement de Courtrai,Arrondissement Kortrijk,Bezirk Kortrijk,CESSION,204,7.0,15000.0,26940.0,38880.0,19.0,27.0,194.0
22632,34000,Arrondissement de Courtrai,Arrondissement Kortrijk,Bezirk Kortrijk,DONATIMMEUB,1,46.0,100000.0,100000.0,100000.0,1276.0,4362.5,7940.0
22633,34000,Arrondissement de Courtrai,Arrondissement Kortrijk,Bezirk Kortrijk,DONATIMMEUB,2,9.0,218400.0,218400.0,218400.0,2040.0,8880.0,19656.0
22683,34000,Arrondissement de Courtrai,Arrondissement Kortrijk,Bezirk Kortrijk,DONATIMMEUB,70,7.0,5775.0,210000.0,250000.0,37.0,1000.0,2700.0
22701,34000,Arrondissement de Courtrai,Arrondissement Kortrijk,Bezirk Kortrijk,DONATIMMEUB,200,90.0,157500.0,200000.0,260000.0,243.0,452.0,799.0
22787,34000,Arrondissement de Courtrai,Arrondissement Kortrijk,Bezirk Kortrijk,DONATIMMEUB,407,6.0,22675.0,41337.5,60000.0,140.0,371.5,907.0
22929,34000,Arrondissement de Courtrai,Arrondissement Kortrijk,Bezirk Kortrijk,OTHER,70,29.0,12600.0,16000.0,215000.0,244.0,422.0,1366.0
22937,34000,Arrondissement de Courtrai,Arrondissement Kortrijk,Bezirk Kortrijk,OTHER,78,20.0,12500.0,13379.0,17500.0,298.5,497.0,2182.5
22947,34000,Arrondissement de Courtrai,Arrondissement Kortrijk,Bezirk Kortrijk,OTHER,200,169.0,180000.0,210000.0,280000.0,243.0,422.5,752.5
23014,34000,Arrondissement de Courtrai,Arrondissement Kortrijk,Bezirk Kortrijk,OTHER,371,12.0,835000.0,835000.0,835000.0,469.0,1354.0,2962.0
23108,34000,Arrondissement de Courtrai,Arrondissement Kortrijk,Bezirk Kortrijk,OTHER,539,10.0,50.0,50.0,50.0,39.0,99.5,161.0
23193,34000,Arrondissement de Courtrai,Arrondissement Kortrijk,Bezirk Kortrijk,PARTAGE,200,11.0,100000.0,230000.0,270000.0,307.0,450.0,750.0
23370,34000,Arrondissement de Courtrai,Arrondissement Kortrijk,Bezirk Kortrijk,SUCCNALAT,1,72.0,13284.0,26196.25,40000.0,2351.0,4895.0,9776.0
23371,34000,Arrondissement de Courtrai,Arrondissement Kortrijk,Bezirk Kortrijk,SUCCNALAT,2,15.0,21750.0,93500.0,167250.0,686.0,5645.0,7098.0
23373,34000,Arrondissement de Courtrai,Arrondissement Kortrijk,Bezirk Kortrijk,SUCCNALAT,4,24.0,8000.0,10000.0,19350.0,240.5,461.0,672.0
23378,34000,Arrondissement de Courtrai,Arrondissement Kortrijk,Bezirk Kortrijk,SUCCNALAT,9,11.0,3222.5,3222.5,3222.5,260.0,580.0,1120.0
23395,34000,Arrondissement de Courtrai,Arrondissement Kortrijk,Bezirk Kortrijk,SUCCNALAT,33,17.0,250.0,625.0,2090.0,210.0,293.0,764.0
23421,34000,Arrondissement de Courtrai,Arrondissement Kortrijk,Bezirk Kortrijk,SUCCNALAT,70,8.0,15000.0,16320.0,107500.0,68.0,299.5,707.5
23429,34000,Arrondissement de Courtrai,Arrondissement Kortrijk,Bezirk Kortrijk,SUCCNALAT,78,8.0,136875.0,156875.0,180000.0,342.0,560.0,747.0
23439,34000,Arrondissement de Courtrai,Arrondissement Kortrijk,Bezirk Kortrijk,SUCCNALAT,200,382.0,150000.0,180000.0,250000.0,222.0,375.5,664.0
23443,34000,Arrondissement de Courtrai,Arrondissement Kortrijk,Bezirk Kortrijk,SUCCNALAT,204,11.0,10000.0,27532.5,50000.0,19.0,135.0,396.0
23450,34000,Arrondissement de Courtrai,Arrondissement Kortrijk,Bezirk Kortrijk,SUCCNALAT,240,9.0,174375.0,225000.0,250000.0,1998.0,2886.0,3891.0
23457,34000,Arrondissement de Courtrai,Arrondissement Kortrijk,Bezirk Kortrijk,SUCCNALAT,247,6.0,46000.0,46000.0,46000.0,35.0,272.5,1709.0
23525,34000,Arrondissement de Courtrai,Arrondissement Kortrijk,Bezirk Kortrijk,SUCCNALAT,407,19.0,160000.0,185000.0,275000.0,135.0,234.0,490.0
23616,34000,Arrondissement de Courtrai,Arrondissement Kortrijk,Bezirk Kortrijk,VENTEIMMEUB,1,90.0,22550.0,64800.0,110000.0,864.0,4428.5,8706.0
23617,34000,Arrondissement de Courtrai,Arrondissement Kortrijk,Bezirk Kortrijk,VENTEIMMEUB,2,20.0,22000.0,56000.0,220000.0,1371.5,3404.5,8826.5
23618,34000,Arrondissement de Courtrai,Arrondissement Kortrijk,Bezirk Kortrijk,VENTEIMMEUB,3,6.0,5910.0,11955.0,18000.0,2208.0,4070.0,5910.0
23619,34000,Arrondissement de Courtrai,Arrondissement Kortrijk,Bezirk Kortrijk,VENTEIMMEUB,4,40.0,7645.25,58818.5,145000.0,105.0,311.5,453.0
23667,34000,Arrondissement de Courtrai,Arrondissement Kortrijk,Bezirk Kortrijk,VENTEIMMEUB,70,177.0,5324.0,58500.0,240660.0,13.0,47.0,442.0
23675,34000,Arrondissement de Courtrai,Arrondissement Kortrijk,Bezirk Kortrijk,VENTEIMMEUB,78,149.0,207000.0,238400.0,276300.0,127.0,248.0,369.0
23685,34000,Arrondissement de Courtrai,Arrondissement Kortrijk,Bezirk Kortrijk,VENTEIMMEUB,200,792.0,150000.0,199000.0,265000.0,180.0,316.0,525.0
23689,34000,Arrondissement de Courtrai,Arrondissement Kortrijk,Bezirk Kortrijk,VENTEIMMEUB,204,37.0,16500.0,18000.0,25000.0,18.0,24.0,45.0
23752,34000,Arrondissement de Courtrai,Arrondissement Kortrijk,Bezirk Kortrijk,VENTEIMMEUB,371,19.0,189000.0,525000.0,1200000.0,262.0,1208.5,4832.0
23771,34000,Arrondissement de Courtrai,Arrondissement Kortrijk,Bezirk Kortrijk,VENTEIMMEUB,407,63.0,162500.0,216500.0,307500.0,127.0,243.0,507.0
23846,34000,Arrondissement de Courtrai,Arrondissement Kortrijk,Bezirk Kortrijk,VENTEIMMEUB,539,33.0,20000.0,63287.5,176625.0,80.0,685.5,1596.0
23931,34000,Arrondissement de Courtrai,Arrondissement Kortrijk,Bezirk Kortrijk,VENTEPUBIMMEUB,200,10.0,97750.0,106500.0,172500.0,201.0,237.5,384.0
24017,34000,Arrondissement de Courtrai,Arrondissement Kortrijk,Bezirk Kortrijk,VENTEPUBIMMEUB,407,5.0,124000.0,171200.0,178000.0,98.0,140.0,200.0
24108,34000,Arrondissement de Courtrai,Arrondissement Kortrijk,Bezirk Kortrijk,TOTAL,1,261.0,16600.0,32895.0,100000.0,1450.0,4700.0,9030.0
24109,34000,Arrondissement de Courtrai,Arrondissement Kortrijk,Bezirk Kortrijk,TOTAL,2,55.0,22000.0,69175.0,218400.0,1758.0,3560.0,8027.0
24110,34000,Arrondissement de Courtrai,Arrondissement Kortrijk,Bezirk Kortrijk,TOTAL,3,12.0,2508.0,5910.0,18000.0,1048.0,2464.0,4070.0
24111,34000,Arrondissement de Courtrai,Arrondissement Kortrijk,Bezirk Kortrijk,TOTAL,4,82.0,8000.0,19350.0,73000.0,181.0,373.5,650.0
24116,34000,Arrondissement de Courtrai,Arrondissement Kortrijk,Bezirk Kortrijk,TOTAL,9,12.0,3222.5,3222.5,3222.5,260.0,600.0,1204.5
24133,34000,Arrondissement de Courtrai,Arrondissement Kortrijk,Bezirk Kortrijk,TOTAL,33,49.0,250.0,625.0,2090.0,210.0,288.0,611.0
24159,34000,Arrondissement de Courtrai,Arrondissement Kortrijk,Bezirk Kortrijk,TOTAL,70,231.0,5775.0,58000.0,239300.0,14.0,174.0,638.0
24167,34000,Arrondissement de Courtrai,Arrondissement Kortrijk,Bezirk Kortrijk,TOTAL,78,181.0,187419.655,235735.0,274000.0,148.0,268.0,485.0
24177,34000,Arrondissement de Courtrai,Arrondissement Kortrijk,Bezirk Kortrijk,TOTAL,200,1587.0,150000.0,190000.0,260000.0,210.0,346.0,626.0
24180,34000,Arrondissement de Courtrai,Arrondissement Kortrijk,Bezirk Kortrijk,TOTAL,203,8.0,49792.505,102500.0,180000.0,125.0,251.5,506.0
24181,34000,Arrondissement de Courtrai,Arrondissement Kortrijk,Bezirk Kortrijk,TOTAL,204,69.0,15000.0,17500.0,38880.0,19.0,28.0,150.0
24186,34000,Arrondissement de Courtrai,Arrondissement Kortrijk,Bezirk Kortrijk,TOTAL,222,12.0,385000.0,475000.0,507500.0,178.5,247.5,436.0
24188,34000,Arrondissement de Courtrai,Arrondissement Kortrijk,Bezirk Kortrijk,TOTAL,240,20.0,180000.0,212500.0,250000.0,2120.0,2773.0,5247.0
24195,34000,Arrondissement de Courtrai,Arrondissement Kortrijk,Bezirk Kortrijk,TOTAL,247,14.0,46000.0,51500.0,57000.0,92.0,551.5,1709.0
24214,34000,Arrondissement de Courtrai,Arrondissement Kortrijk,Bezirk Kortrijk,TOTAL,301,6.0,3000000.0,3000000.0,3000000.0,1535.0,7348.0,44054.0
24244,34000,Arrondissement de Courtrai,Arrondissement Kortrijk,Bezirk Kortrijk,TOTAL,371,40.0,175000.0,525000.0,835000.0,528.0,1160.0,2962.0
24258,34000,Arrondissement de Courtrai,Arrondissement Kortrijk,Bezirk Kortrijk,TOTAL,402,6.0,152039.68,421019.84,690000.0,1911.0,2225.0,2412.0
24263,34000,Arrondissement de Courtrai,Arrondissement Kortrijk,Bezirk Kortrijk,TOTAL,407,110.0,155000.0,190000.0,293000.0,137.0,253.0,510.0
24338,34000,Arrondissement de Courtrai,Arrondissement Kortrijk,Bezirk Kortrijk,TOTAL,539,46.0,17250.0,36940.0,155000.0,80.0,498.0,1402.0
24423,35000,Arrondissement d'Ostende,Arrondissement Oostende,Bezirk Ostende,CESSION,200,36.0,20000.0,142500.0,295000.0,150.0,310.0,688.0
24915,35000,Arrondissement d'Ostende,Arrondissement Oostende,Bezirk Ostende,DONATIMMEUB,200,38.0,150000.0,220000.0,338000.0,198.0,368.5,601.0
25092,35000,Arrondissement d'Ostende,Arrondissement Oostende,Bezirk Ostende,OTHER,1,24.0,43269.0,55620.0,80271.0,3338.5,15925.0,25852.0
25093,35000,Arrondissement d'Ostende,Arrondissement Oostende,Bezirk Ostende,OTHER,2,11.0,37122.0,62773.5,88425.0,1453.0,2730.0,5601.0
25151,35000,Arrondissement d'Ostende,Arrondissement Oostende,Bezirk Ostende,OTHER,78,175.0,15000.0,15000.0,15000.0,248.0,327.0,365.0
25161,35000,Arrondissement d'Ostende,Arrondissement Oostende,Bezirk Ostende,OTHER,200,118.0,150000.0,225000.0,275000.0,178.0,300.0,569.0
25165,35000,Arrondissement d'Ostende,Arrondissement Oostende,Bezirk Ostende,OTHER,204,6.0,10000.0,12500.0,25000.0,17.0,17.5,41.0
25247,35000,Arrondissement d'Ostende,Arrondissement Oostende,Bezirk Ostende,OTHER,407,13.0,150000.0,200000.0,240000.0,115.0,140.0,205.0
25407,35000,Arrondissement d'Ostende,Arrondissement Oostende,Bezirk Ostende,PARTAGE,200,8.0,68362.82,280000.0,315000.0,255.5,411.0,745.0
25584,35000,Arrondissement d'Ostende,Arrondissement Oostende,Bezirk Ostende,SUCCNALAT,1,72.0,1000.0,4850.0,21150.0,1669.5,3895.0,8040.0
25585,35000,Arrondissement d'Ostende,Arrondissement Oostende,Bezirk Ostende,SUCCNALAT,2,47.0,7055.0,10000.0,35000.0,2590.0,4100.0,7147.0
25635,35000,Arrondissement d'Ostende,Arrondissement Oostende,Bezirk Ostende,SUCCNALAT,70,7.0,90000.0,90000.0,90000.0,123.0,822.0,1370.0
25636,35000,Arrondissement d'Ostende,Arrondissement Oostende,Bezirk Ostende,SUCCNALAT,71,5.0,2500.0,6250.0,10000.0,12.0,13.0,13.0
25653,35000,Arrondissement d'Ostende,Arrondissement Oostende,Bezirk Ostende,SUCCNALAT,200,170.0,160000.0,210000.0,290000.0,168.0,339.0,615.0
25657,35000,Arrondissement d'Ostende,Arrondissement Oostende,Bezirk Ostende,SUCCNALAT,204,12.0,25000.0,30000.0,35000.0,17.0,18.5,41.0
25664,35000,Arrondissement d'Ostende,Arrondissement Oostende,Bezirk Ostende,SUCCNALAT,240,5.0,280000.0,315000.0,350000.0,2022.0,10000.0,10484.0
25787,35000,Arrondissement d'Ostende,Arrondissement Oostende,Bezirk Ostende,SUCCNALAT,503,8.0,75000.0,135000.0,150000.0,119.0,173.5,483.0
25830,35000,Arrondissement d'Ostende,Arrondissement Oostende,Bezirk Ostende,VENTEIMMEUB,1,15.0,18500.0,86125.0,227490.0,629.0,2560.0,6506.0
25831,35000,Arrondissement d'Ostende,Arrondissement Oostende,Bezirk Ostende,VENTEIMMEUB,2,6.0,9750.0,48819.0,87888.0,7600.0,10001.0,24927.0
25833,35000,Arrondissement d'Ostende,Arrondissement Oostende,Bezirk Ostende,VENTEIMMEUB,4,13.0,1016.36,1960.0,22500.0,135.0,245.0,427.0
25881,35000,Arrondissement d'Ostende,Arrondissement Oostende,Bezirk Ostende,VENTEIMMEUB,70,62.0,30000.0,166835.0,288000.0,146.0,313.5,559.0
25889,35000,Arrondissement d'Ostende,Arrondissement Oostende,Bezirk Ostende,VENTEIMMEUB,78,82.0,170000.0,228250.0,262500.0,193.0,313.0,468.0
25899,35000,Arrondissement d'Ostende,Arrondissement Oostende,Bezirk Ostende,VENTEIMMEUB,200,331.0,170000.0,227000.0,285000.0,137.0,231.0,448.0
25903,35000,Arrondissement d'Ostende,Arrondissement Oostende,Bezirk Ostende,VENTEIMMEUB,204,14.0,22000.0,27000.0,75000.0,18.0,19.5,104.0
25908,35000,Arrondissement d'Ostende,Arrondissement Oostende,Bezirk Ostende,VENTEIMMEUB,222,5.0,420000.0,620000.0,820000.0,105.0,111.0,190.0
25985,35000,Arrondissement d'Ostende,Arrondissement Oostende,Bezirk Ostende,VENTEIMMEUB,407,22.0,160000.0,250000.0,455000.0,127.0,185.0,280.0
26033,35000,Arrondissement d'Ostende,Arrondissement Oostende,Bezirk Ostende,VENTEIMMEUB,503,17.0,90000.0,90000.0,90000.0,154.0,181.0,235.0
26060,35000,Arrondissement d'Ostende,Arrondissement Oostende,Bezirk Ostende,VENTEIMMEUB,539,19.0,115000.0,128000.0,177000.0,156.0,209.0,440.0
26322,35000,Arrondissement d'Ostende,Arrondissement Oostende,Bezirk Ostende,TOTAL,1,140.0,9000.0,41760.0,80271.0,2055.0,4682.5,11167.0
26323,35000,Arrondissement d'Ostende,Arrondissement Oostende,Bezirk Ostende,TOTAL,2,85.0,9750.0,35000.0,87888.0,2670.0,4400.0,10006.0
26325,35000,Arrondissement d'Ostende,Arrondissement Oostende,Bezirk Ostende,TOTAL,4,24.0,1488.18,12230.0,101250.0,226.5,402.5,485.0
26347,35000,Arrondissement d'Ostende,Arrondissement Oostende,Bezirk Ostende,TOTAL,33,8.0,75000.0,75000.0,75000.0,154.5,320.0,378.0
26373,35000,Arrondissement d'Ostende,Arrondissement Oostende,Bezirk Ostende,TOTAL,70,128.0,55000.0,152117.5,271100.0,109.0,277.5,776.5
26374,35000,Arrondissement d'Ostende,Arrondissement Oostende,Bezirk Ostende,TOTAL,71,23.0,2500.0,6250.0,10000.0,12.0,13.0,14.0
26381,35000,Arrondissement d'Ostende,Arrondissement Oostende,Bezirk Ostende,TOTAL,78,267.0,167140.0,227500.0,255000.0,239.0,327.0,384.0
26391,35000,Arrondissement d'Ostende,Arrondissement Oostende,Bezirk Ostende,TOTAL,200,731.0,160000.0,222500.0,285000.0,154.0,291.5,568.0
26394,35000,Arrondissement d'Ostende,Arrondissement Oostende,Bezirk Ostende,TOTAL,203,11.0,100000.0,100000.0,100000.0,168.0,278.0,418.0
26395,35000,Arrondissement d'Ostende,Arrondissement Oostende,Bezirk Ostende,TOTAL,204,38.0,22000.0,25000.0,35000.0,18.0,20.0,47.0
26400,35000,Arrondissement d'Ostende,Arrondissement Oostende,Bezirk Ostende,TOTAL,222,25.0,420000.0,600000.0,750000.0,135.0,190.0,284.0
26402,35000,Arrondissement d'Ostende,Arrondissement Oostende,Bezirk Ostende,TOTAL,240,9.0,280000.0,315000.0,350000.0,2022.0,10484.0,10484.0
26409,35000,Arrondissement d'Ostende,Arrondissement Oostende,Bezirk Ostende,TOTAL,247,8.0,45000.0,156375.0,267750.0,43.5,759.0,4278.5
26411,35000,Arrondissement d'Ostende,Arrondissement Oostende,Bezirk Ostende,TOTAL,261,5.0,240000.0,390000.0,445000.0,961.0,1575.0,1718.0
26458,35000,Arrondissement d'Ostende,Arrondissement Oostende,Bezirk Ostende,TOTAL,371,8.0,480000.0,490000.0,625000.0,1647.5,1916.5,2235.0
26477,35000,Arrondissement d'Ostende,Arrondissement Oostende,Bezirk Ostende,TOTAL,407,43.0,150000.0,244500.0,400000.0,115.0,170.0,293.0
26525,35000,Arrondissement d'Ostende,Arrondissement Oostende,Bezirk Ostende,TOTAL,503,28.0,75000.0,125000.0,150000.0,140.0,180.0,239.0
26552,35000,Arrondissement d'Ostende,Arrondissement Oostende,Bezirk Ostende,TOTAL,539,29.0,115000.0,152500.0,410000.0,204.0,440.0,2802.0
26637,36000,Arrondissement de Roulers,Arrondissement Roeselare,Bezirk Roeselare,CESSION,200,37.0,96500.0,200000.0,270000.0,262.0,486.0,609.0
27060,36000,Arrondissement de Roulers,Arrondissement Roeselare,Bezirk Roeselare,DONATIMMEUB,1,30.0,191604.0,191604.0,191604.0,1930.0,4571.5,7248.0
27111,36000,Arrondissement de Roulers,Arrondissement Roeselare,Bezirk Roeselare,DONATIMMEUB,70,8.0,250000.0,250000.0,250000.0,419.0,1390.0,3683.5
27129,36000,Arrondissement de Roulers,Arrondissement Roeselare,Bezirk Roeselare,DONATIMMEUB,200,55.0,138750.0,180000.0,275000.0,252.0,513.0,933.0
27133,36000,Arrondissement de Roulers,Arrondissement Roeselare,Bezirk Roeselare,DONATIMMEUB,204,5.0,13990.0,13990.0,13990.0,30.0,39.0,166.0
27357,36000,Arrondissement de Roulers,Arrondissement Roeselare,Bezirk Roeselare,OTHER,70,43.0,60523.8,60523.8,60523.8,277.0,628.0,2960.0
27365,36000,Arrondissement de Roulers,Arrondissement Roeselare,Bezirk Roeselare,OTHER,78,10.0,1250.0,1250.0,1250.0,225.0,444.5,1321.0
27375,36000,Arrondissement de Roulers,Arrondissement Roeselare,Bezirk Roeselare,OTHER,200,89.0,117250.0,200000.0,285000.0,260.0,426.0,734.0
27461,36000,Arrondissement de Roulers,Arrondissement Roeselare,Bezirk Roeselare,OTHER,407,11.0,240000.0,240000.0,240000.0,127.0,250.0,696.0
27536,36000,Arrondissement de Roulers,Arrondissement Roeselare,Bezirk Roeselare,OTHER,539,9.0,12000.0,12000.0,12000.0,171.0,223.0,923.0
27621,36000,Arrondissement de Roulers,Arrondissement Roeselare,Bezirk Roeselare,PARTAGE,200,11.0,212500.0,247500.0,277500.0,216.0,286.0,702.0
27798,36000,Arrondissement de Roulers,Arrondissement Roeselare,Bezirk Roeselare,SUCCNALAT,1,51.0,8580.0,17985.0,33700.0,1650.0,3597.0,6380.0
27799,36000,Arrondissement de Roulers,Arrondissement Roeselare,Bezirk Roeselare,SUCCNALAT,2,24.0,19040.0,27937.5,35623.0,2954.0,4995.0,8750.0
27823,36000,Arrondissement de Roulers,Arrondissement Roeselare,Bezirk Roeselare,SUCCNALAT,33,5.0,1355.0,1355.0,1355.0,178.0,271.0,280.0
27867,36000,Arrondissement de Roulers,Arrondissement Roeselare,Bezirk Roeselare,SUCCNALAT,200,223.0,135000.0,175000.0,245000.0,227.0,417.0,762.0
27871,36000,Arrondissement de Roulers,Arrondissement Roeselare,Bezirk Roeselare,SUCCNALAT,204,6.0,10000.0,17500.0,20000.0,19.0,31.0,38.0
27878,36000,Arrondissement de Roulers,Arrondissement Roeselare,Bezirk Roeselare,SUCCNALAT,240,7.0,230000.0,260000.0,295000.0,2240.0,2460.0,2992.0
27934,36000,Arrondissement de Roulers,Arrondissement Roeselare,Bezirk Roeselare,SUCCNALAT,371,5.0,5675.0,100000.0,150000.0,1135.0,1200.0,1334.0
28044,36000,Arrondissement de Roulers,Arrondissement Roeselare,Bezirk Roeselare,VENTEIMMEUB,1,29.0,15000.0,35000.0,100000.0,2435.0,4338.0,7310.0
28045,36000,Arrondissement de Roulers,Arrondissement Roeselare,Bezirk Roeselare,VENTEIMMEUB,2,18.0,39256.0,50000.0,106759.5,1365.0,3295.0,5930.0
28047,36000,Arrondissement de Roulers,Arrondissement Roeselare,Bezirk Roeselare,VENTEIMMEUB,4,5.0,5000.0,5000.0,5000.0,82.0,120.0,125.0
28069,36000,Arrondissement de Roulers,Arrondissement Roeselare,Bezirk Roeselare,VENTEIMMEUB,33,6.0,5000.0,5000.0,5000.0,138.0,151.0,168.0
28095,36000,Arrondissement de Roulers,Arrondissement Roeselare,Bezirk Roeselare,VENTEIMMEUB,70,77.0,7500.0,43542.8,201000.0,210.0,491.0,1768.0
28103,36000,Arrondissement de Roulers,Arrondissement Roeselare,Bezirk Roeselare,VENTEIMMEUB,78,102.0,193000.0,235966.735,272350.0,194.0,276.0,361.0
28113,36000,Arrondissement de Roulers,Arrondissement Roeselare,Bezirk Roeselare,VENTEIMMEUB,200,357.0,168000.0,215000.0,270000.0,197.0,349.0,581.0
28117,36000,Arrondissement de Roulers,Arrondissement Roeselare,Bezirk Roeselare,VENTEIMMEUB,204,20.0,18500.0,27500.0,52000.0,17.0,23.5,59.0
28180,36000,Arrondissement de Roulers,Arrondissement Roeselare,Bezirk Roeselare,VENTEIMMEUB,371,14.0,88080.0,150000.0,210000.0,219.0,296.5,486.0
28199,36000,Arrondissement de Roulers,Arrondissement Roeselare,Bezirk Roeselare,VENTEIMMEUB,407,20.0,166500.0,201000.0,263500.0,147.0,235.0,307.0
28274,36000,Arrondissement de Roulers,Arrondissement Roeselare,Bezirk Roeselare,VENTEIMMEUB,539,37.0,69000.0,122500.0,175500.0,41.5,356.5,1101.0
28536,36000,Arrondissement de Roulers,Arrondissement Roeselare,Bezirk Roeselare,TOTAL,1,136.0,11807.5,21777.5,39000.0,1883.0,4138.0,7269.0
28537,36000,Arrondissement de Roulers,Arrondissement Roeselare,Bezirk Roeselare,TOTAL,2,58.0,22000.0,30000.0,50000.0,2033.0,4795.0,7960.0
28538,36000,Arrondissement de Roulers,Arrondissement Roeselare,Bezirk Roeselare,TOTAL,3,11.0,10570.0,10785.0,11000.0,263.0,1510.0,4090.0
28539,36000,Arrondissement de Roulers,Arrondissement Roeselare,Bezirk Roeselare,TOTAL,4,18.0,5000.0,7500.0,35000.0,120.0,311.0,726.0
28561,36000,Arrondissement de Roulers,Arrondissement Roeselare,Bezirk Roeselare,TOTAL,33,26.0,1355.0,3177.5,5000.0,140.0,235.5,682.0
28574,36000,Arrondissement de Roulers,Arrondissement Roeselare,Bezirk Roeselare,TOTAL,50,5.0,88967.7,189918.9,548600.0,989.0,1507.0,2110.0
28587,36000,Arrondissement de Roulers,Arrondissement Roeselare,Bezirk Roeselare,TOTAL,70,141.0,7750.0,53519.7,220245.0,211.0,584.0,1981.0
28595,36000,Arrondissement de Roulers,Arrondissement Roeselare,Bezirk Roeselare,TOTAL,78,121.0,187200.0,235879.0,272350.0,208.0,288.0,420.0
28605,36000,Arrondissement de Roulers,Arrondissement Roeselare,Bezirk Roeselare,TOTAL,200,814.0,150000.0,200000.0,265000.0,218.0,396.0,700.0
28608,36000,Arrondissement de Roulers,Arrondissement Roeselare,Bezirk Roeselare,TOTAL,203,7.0,3547.85,93920.0,198000.0,194.0,470.0,747.0
28609,36000,Arrondissement de Roulers,Arrondissement Roeselare,Bezirk Roeselare,TOTAL,204,41.0,15000.0,20000.0,40000.0,18.0,29.0,134.0
28616,36000,Arrondissement de Roulers,Arrondissement Roeselare,Bezirk Roeselare,TOTAL,240,13.0,230000.0,267500.0,295000.0,2396.0,2992.0,3008.0
28623,36000,Arrondissement de Roulers,Arrondissement Roeselare,Bezirk Roeselare,TOTAL,247,7.0,587000.0,587000.0,587000.0,354.0,1049.0,2508.0
28625,36000,Arrondissement de Roulers,Arrondissement Roeselare,Bezirk Roeselare,TOTAL,261,5.0,300000.0,426000.0,520000.0,874.0,2280.0,2383.0
28629,36000,Arrondissement de Roulers,Arrondissement Roeselare,Bezirk Roeselare,TOTAL,265,6.0,27281.25,74921.405,324921.405,1872.0,2379.0,3612.0
28672,36000,Arrondissement de Roulers,Arrondissement Roeselare,Bezirk Roeselare,TOTAL,371,27.0,80000.0,100000.0,200000.0,219.0,368.0,1135.0
28691,36000,Arrondissement de Roulers,Arrondissement Roeselare,Bezirk Roeselare,TOTAL,407,43.0,163000.0,204000.0,240000.0,154.0,239.0,335.0
28766,36000,Arrondissement de Roulers,Arrondissement Roeselare,Bezirk Roeselare,TOTAL,539,52.0,38000.0,120000.0,126000.0,26.0,223.0,923.0
28851,37000,Arrondissement de Tielt,Arrondissement Tielt,Bezirk Tielt,CESSION,200,19.0,135000.0,218500.0,270000.0,501.0,587.0,1032.0
29274,37000,Arrondissement de Tielt,Arrondissement Tielt,Bezirk Tielt,DONATIMMEUB,1,27.0,14635.0,57317.5,100000.0,3660.0,6634.0,9651.0
29343,37000,Arrondissement de Tielt,Arrondissement Tielt,Bezirk Tielt,DONATIMMEUB,200,24.0,92500.0,225000.0,300000.0,331.0,740.5,1304.5
29520,37000,Arrondissement de Tielt,Arrondissement Tielt,Bezirk Tielt,OTHER,1,11.0,29500.0,29500.0,29500.0,1500.0,4930.0,7827.0
29571,37000,Arrondissement de Tielt,Arrondissement Tielt,Bezirk Tielt,OTHER,70,68.0,10000.0,10000.0,10000.0,86.5,242.0,394.5
29579,37000,Arrondissement de Tielt,Arrondissement Tielt,Bezirk Tielt,OTHER,78,40.0,7500.0,17250.0,27000.0,188.0,308.0,514.5
29589,37000,Arrondissement de Tielt,Arrondissement Tielt,Bezirk Tielt,OTHER,200,52.0,145000.0,200000.0,293626.48,329.5,600.0,1068.5
29600,37000,Arrondissement de Tielt,Arrondissement Tielt,Bezirk Tielt,OTHER,240,5.0,222000.0,222000.0,222000.0,4791.0,6550.0,6550.0
29750,37000,Arrondissement de Tielt,Arrondissement Tielt,Bezirk Tielt,OTHER,539,11.0,60000.0,60000.0,60000.0,21.0,21.0,22.0
29835,37000,Arrondissement de Tielt,Arrondissement Tielt,Bezirk Tielt,PARTAGE,200,9.0,93730.25,264000.0,265000.0,570.0,927.0,1025.0
30012,37000,Arrondissement de Tielt,Arrondissement Tielt,Bezirk Tielt,SUCCNALAT,1,57.0,31842.5,50300.0,85592.5,2333.0,4600.0,8239.0
30013,37000,Arrondissement de Tielt,Arrondissement Tielt,Bezirk Tielt,SUCCNALAT,2,23.0,44605.0,131825.0,280000.0,3880.0,5827.0,8590.0
30014,37000,Arrondissement de Tielt,Arrondissement Tielt,Bezirk Tielt,SUCCNALAT,3,19.0,7560.0,8142.0,10000.0,2170.0,2714.0,3850.0
30015,37000,Arrondissement de Tielt,Arrondissement Tielt,Bezirk Tielt,SUCCNALAT,4,9.0,5000.0,5668.0,6336.0,73.0,147.0,893.0
30081,37000,Arrondissement de Tielt,Arrondissement Tielt,Bezirk Tielt,SUCCNALAT,200,129.0,160000.0,200000.0,250000.0,320.0,580.0,1069.0
30085,37000,Arrondissement de Tielt,Arrondissement Tielt,Bezirk Tielt,SUCCNALAT,204,6.0,55000.0,115000.0,175000.0,63.0,93.0,356.0
30092,37000,Arrondissement de Tielt,Arrondissement Tielt,Bezirk Tielt,SUCCNALAT,240,5.0,230000.0,305000.0,380000.0,2759.0,2959.0,3840.0
30167,37000,Arrondissement de Tielt,Arrondissement Tielt,Bezirk Tielt,SUCCNALAT,407,6.0,230000.0,235000.0,335000.0,265.0,354.0,834.0
30258,37000,Arrondissement de Tielt,Arrondissement Tielt,Bezirk Tielt,VENTEIMMEUB,1,54.0,60000.0,120000.0,180000.0,1850.0,3580.0,6620.0
30259,37000,Arrondissement de Tielt,Arrondissement Tielt,Bezirk Tielt,VENTEIMMEUB,2,16.0,54000.0,60000.0,85000.0,1870.5,4468.0,11010.5
30260,37000,Arrondissement de Tielt,Arrondissement Tielt,Bezirk Tielt,VENTEIMMEUB,3,8.0,15000.0,21000.0,27000.0,1013.5,2154.0,3742.0
30261,37000,Arrondissement de Tielt,Arrondissement Tielt,Bezirk Tielt,VENTEIMMEUB,4,11.0,29604.4,56910.0,63486.5,253.0,450.0,907.0
30309,37000,Arrondissement de Tielt,Arrondissement Tielt,Bezirk Tielt,VENTEIMMEUB,70,81.0,10000.0,38700.0,210000.0,130.0,495.0,1990.0
30317,37000,Arrondissement de Tielt,Arrondissement Tielt,Bezirk Tielt,VENTEIMMEUB,78,73.0,89394.74,170000.0,268500.0,216.0,341.0,453.0
30327,37000,Arrondissement de Tielt,Arrondissement Tielt,Bezirk Tielt,VENTEIMMEUB,200,202.0,160000.0,215000.0,307580.0,244.0,470.0,811.0
30413,37000,Arrondissement de Tielt,Arrondissement Tielt,Bezirk Tielt,VENTEIMMEUB,407,12.0,160000.0,325000.0,425000.0,152.0,395.0,676.5
30488,37000,Arrondissement de Tielt,Arrondissement Tielt,Bezirk Tielt,VENTEIMMEUB,539,14.0,16651.0,40000.0,300000.0,16.0,77.0,456.0
30750,37000,Arrondissement de Tielt,Arrondissement Tielt,Bezirk Tielt,TOTAL,1,167.0,29500.0,58124.0,120000.0,1936.0,4600.0,7934.0
30751,37000,Arrondissement de Tielt,Arrondissement Tielt,Bezirk Tielt,TOTAL,2,59.0,44605.0,66627.0,262215.0,3160.0,5827.0,10318.0
30752,37000,Arrondissement de Tielt,Arrondissement Tielt,Bezirk Tielt,TOTAL,3,39.0,7560.0,10000.0,27000.0,1730.0,2965.0,4340.0
30753,37000,Arrondissement de Tielt,Arrondissement Tielt,Bezirk Tielt,TOTAL,4,29.0,6336.0,29604.4,56910.0,147.0,450.0,794.0
30775,37000,Arrondissement de Tielt,Arrondissement Tielt,Bezirk Tielt,TOTAL,33,6.0,600.0,600.0,600.0,93.0,174.0,287.0
30788,37000,Arrondissement de Tielt,Arrondissement Tielt,Bezirk Tielt,TOTAL,50,6.0,61665.0,136291.5,300501.5,962.0,3620.5,9982.0
30801,37000,Arrondissement de Tielt,Arrondissement Tielt,Bezirk Tielt,TOTAL,70,162.0,10000.0,35235.0,197655.0,130.0,300.5,1530.0
30809,37000,Arrondissement de Tielt,Arrondissement Tielt,Bezirk Tielt,TOTAL,78,122.0,88502.0,169000.0,268500.0,208.0,344.0,586.0
30819,37000,Arrondissement de Tielt,Arrondissement Tielt,Bezirk Tielt,TOTAL,200,461.0,159000.0,211000.0,282500.0,302.0,580.5,960.0
30822,37000,Arrondissement de Tielt,Arrondissement Tielt,Bezirk Tielt,TOTAL,203,5.0,150000.0,150000.0,150000.0,424.0,511.0,692.0
30823,37000,Arrondissement de Tielt,Arrondissement Tielt,Bezirk Tielt,TOTAL,204,12.0,38250.0,55000.0,115000.0,53.0,189.5,319.5
30830,37000,Arrondissement de Tielt,Arrondissement Tielt,Bezirk Tielt,TOTAL,240,17.0,226000.0,255000.0,330000.0,2759.0,3623.0,5400.0
30837,37000,Arrondissement de Tielt,Arrondissement Tielt,Bezirk Tielt,TOTAL,247,14.0,25000.0,150000.0,150000.0,300.0,834.0,2906.0
30886,37000,Arrondissement de Tielt,Arrondissement Tielt,Bezirk Tielt,TOTAL,371,6.0,500000.0,525000.0,550000.0,296.0,1062.5,1626.0
30905,37000,Arrondissement de Tielt,Arrondissement Tielt,Bezirk Tielt,TOTAL,407,19.0,180000.0,286250.0,373500.0,174.0,400.0,772.0
30980,37000,Arrondissement de Tielt,Arrondissement Tielt,Bezirk Tielt,TOTAL,539,28.0,16651.0,60000.0,325000.0,21.0,22.0,456.0
31065,38000,Arrondissement de Furnes,Arrondissement Veurne,Bezirk Veurne,CESSION,200,27.0,65663.0,150625.0,191169.565,276.0,518.0,885.0
31488,38000,Arrondissement de Furnes,Arrondissement Veurne,Bezirk Veurne,DONATIMMEUB,1,26.0,39044.0,39044.0,39044.0,5822.0,9709.5,24075.0
31557,38000,Arrondissement de Furnes,Arrondissement Veurne,Bezirk Veurne,DONATIMMEUB,200,36.0,200000.0,299000.0,350000.0,156.0,377.0,599.0
31803,38000,Arrondissement de Furnes,Arrondissement Veurne,Bezirk Veurne,OTHER,200,46.0,67000.0,150000.0,250000.0,205.0,494.0,866.0
32226,38000,Arrondissement de Furnes,Arrondissement Veurne,Bezirk Veurne,SUCCNALAT,1,30.0,82731.0,112702.5,240040.0,6560.0,14465.5,19274.0
32258,38000,Arrondissement de Furnes,Arrondissement Veurne,Bezirk Veurne,SUCCNALAT,42,10.0,75.0,180.0,10696.0,501.0,645.0,1105.0
32295,38000,Arrondissement de Furnes,Arrondissement Veurne,Bezirk Veurne,SUCCNALAT,200,83.0,150000.0,215000.0,300000.0,249.0,442.0,738.0
32299,38000,Arrondissement de Furnes,Arrondissement Veurne,Bezirk Veurne,SUCCNALAT,204,5.0,7500.0,18750.0,30000.0,43.0,61.0,90.0
32306,38000,Arrondissement de Furnes,Arrondissement Veurne,Bezirk Veurne,SUCCNALAT,240,6.0,250000.0,287500.0,325000.0,1253.0,3465.0,5122.0
32429,38000,Arrondissement de Furnes,Arrondissement Veurne,Bezirk Veurne,SUCCNALAT,503,11.0,22000.0,30000.0,100000.0,101.0,128.0,207.0
32472,38000,Arrondissement de Furnes,Arrondissement Veurne,Bezirk Veurne,VENTEIMMEUB,1,16.0,6000.0,40000.0,83200.0,2410.5,5355.5,23991.5
32473,38000,Arrondissement de Furnes,Arrondissement Veurne,Bezirk Veurne,VENTEIMMEUB,2,9.0,50000.0,50000.0,50000.0,4100.0,9174.0,19894.0
32504,38000,Arrondissement de Furnes,Arrondissement Veurne,Bezirk Veurne,VENTEIMMEUB,42,8.0,2059.0,2987.5,223650.0,531.5,682.0,4435.0
32523,38000,Arrondissement de Furnes,Arrondissement Veurne,Bezirk Veurne,VENTEIMMEUB,70,23.0,6250.0,182000.0,225000.0,15.0,98.0,334.0
32531,38000,Arrondissement de Furnes,Arrondissement Veurne,Bezirk Veurne,VENTEIMMEUB,78,32.0,125000.0,219700.0,338000.0,201.5,292.0,350.0
32541,38000,Arrondissement de Furnes,Arrondissement Veurne,Bezirk Veurne,VENTEIMMEUB,200,139.0,195000.0,256500.0,350000.0,181.0,320.0,648.0
32545,38000,Arrondissement de Furnes,Arrondissement Veurne,Bezirk Veurne,VENTEIMMEUB,204,8.0,18500.0,22750.0,27000.0,16.0,18.5,50.5
32627,38000,Arrondissement de Furnes,Arrondissement Veurne,Bezirk Veurne,VENTEIMMEUB,407,14.0,165000.0,205000.0,310000.0,133.0,227.5,491.0
32675,38000,Arrondissement de Furnes,Arrondissement Veurne,Bezirk Veurne,VENTEIMMEUB,503,15.0,77500.0,140500.0,180500.0,101.0,160.0,212.0
32702,38000,Arrondissement de Furnes,Arrondissement Veurne,Bezirk Veurne,VENTEIMMEUB,539,9.0,231062.5,236250.0,244437.5,20.0,204.0,221.0
32964,38000,Arrondissement de Furnes,Arrondissement Veurne,Bezirk Veurne,TOTAL,1,123.0,40000.0,82731.0,210341.0,4990.0,9761.0,19469.0
32965,38000,Arrondissement de Furnes,Arrondissement Veurne,Bezirk Veurne,TOTAL,2,57.0,50000.0,50000.0,50000.0,4000.0,7810.0,15619.0
32989,38000,Arrondissement de Furnes,Arrondissement Veurne,Bezirk Veurne,TOTAL,33,10.0,600.0,600.0,600.0,73.0,245.5,1419.0
32996,38000,Arrondissement de Furnes,Arrondissement Veurne,Bezirk Veurne,TOTAL,42,22.0,1373.0,2350.0,10696.0,505.0,689.0,1283.0
33015,38000,Arrondissement de Furnes,Arrondissement Veurne,Bezirk Veurne,TOTAL,70,51.0,7265.0,39056.25,214050.0,97.0,301.0,1560.0
33016,38000,Arrondissement de Furnes,Arrondissement Veurne,Bezirk Veurne,TOTAL,71,18.0,2500.0,2500.0,2500.0,10.0,11.0,11.0
33023,38000,Arrondissement de Furnes,Arrondissement Veurne,Bezirk Veurne,TOTAL,78,49.0,125000.0,215000.0,333000.0,204.0,311.0,595.0
33024,38000,Arrondissement de Furnes,Arrondissement Veurne,Bezirk Veurne,TOTAL,79,7.0,225000.0,225000.0,225000.0,0.0,0.0,0.0
33033,38000,Arrondissement de Furnes,Arrondissement Veurne,Bezirk Veurne,TOTAL,200,362.0,165084.83,226800.0,325000.0,210.0,399.5,732.0
33037,38000,Arrondissement de Furnes,Arrondissement Veurne,Bezirk Veurne,TOTAL,204,19.0,13000.0,22750.0,28500.0,18.0,19.0,61.0
33042,38000,Arrondissement de Furnes,Arrondissement Veurne,Bezirk Veurne,TOTAL,222,5.0,650000.0,650000.0,650000.0,119.0,125.0,525.0
33044,38000,Arrondissement de Furnes,Arrondissement Veurne,Bezirk Veurne,TOTAL,240,10.0,150000.0,250000.0,325000.0,2303.0,3591.5,8824.0
33051,38000,Arrondissement de Furnes,Arrondissement Veurne,Bezirk Veurne,TOTAL,247,6.0,195000.0,195000.0,195000.0,537.0,678.0,1147.0
33119,38000,Arrondissement de Furnes,Arrondissement Veurne,Bezirk Veurne,TOTAL,407,30.0,165000.0,205000.0,310000.0,150.0,304.0,599.0
33167,38000,Arrondissement de Furnes,Arrondissement Veurne,Bezirk Veurne,TOTAL,503,34.0,27500.0,60000.0,117500.0,101.0,153.0,207.0
33194,38000,Arrondissement de Furnes,Arrondissement Veurne,Bezirk Veurne,TOTAL,539,12.0,231062.5,236250.0,244437.5,20.0,213.0,50790.0
33210,41000,Arrondissement d'Alost,Arrondissement Aalst,Bezirk Aalst,CESSION,1,38.0,500.0,500.0,500.0,1300.0,2728.5,4637.0
33261,41000,Arrondissement d'Alost,Arrondissement Aalst,Bezirk Aalst,CESSION,70,28.0,708.42,159354.21,318000.0,62.0,432.0,1215.5
33279,41000,Arrondissement d'Alost,Arrondissement Aalst,Bezirk Aalst,CESSION,200,70.0,162000.0,230000.0,270000.0,225.0,439.5,808.0
33702,41000,Arrondissement d'Alost,Arrondissement Aalst,Bezirk Aalst,DONATIMMEUB,1,128.0,4500.0,100000.0,200000.0,1405.0,2239.5,4195.0
33703,41000,Arrondissement d'Alost,Arrondissement Aalst,Bezirk Aalst,DONATIMMEUB,2,40.0,90000.0,195000.0,300000.0,1501.0,2915.0,7115.0
33705,41000,Arrondissement d'Alost,Arrondissement Aalst,Bezirk Aalst,DONATIMMEUB,4,12.0,5500.0,67750.0,130000.0,146.0,364.0,560.0
33753,41000,Arrondissement d'Alost,Arrondissement Aalst,Bezirk Aalst,DONATIMMEUB,70,7.0,30000.0,30000.0,30000.0,330.0,636.0,1609.0
33761,41000,Arrondissement d'Alost,Arrondissement Aalst,Bezirk Aalst,DONATIMMEUB,78,15.0,108500.0,146000.0,162510.2,676.0,920.0,1260.0
33771,41000,Arrondissement d'Alost,Arrondissement Aalst,Bezirk Aalst,DONATIMMEUB,200,104.0,140000.0,220000.0,280000.0,195.0,453.0,1020.5
33948,41000,Arrondissement d'Alost,Arrondissement Aalst,Bezirk Aalst,OTHER,1,144.0,3000.0,58852.5,114705.0,850.0,1626.5,2750.0
33951,41000,Arrondissement d'Alost,Arrondissement Aalst,Bezirk Aalst,OTHER,4,15.0,7000.0,7000.0,7000.0,186.0,462.0,679.0
33999,41000,Arrondissement d'Alost,Arrondissement Aalst,Bezirk Aalst,OTHER,70,51.0,33000.0,33000.0,33000.0,13.0,158.0,660.0
34017,41000,Arrondissement d'Alost,Arrondissement Aalst,Bezirk Aalst,OTHER,200,176.0,180000.0,250000.0,310000.0,273.0,593.5,909.0
34021,41000,Arrondissement d'Alost,Arrondissement Aalst,Bezirk Aalst,OTHER,204,7.0,18000.0,18000.0,18000.0,24.0,158.0,208.0
34103,41000,Arrondissement d'Alost,Arrondissement Aalst,Bezirk Aalst,OTHER,407,21.0,180000.0,405083.75,630167.5,210.0,330.0,499.0
34263,41000,Arrondissement d'Alost,Arrondissement Aalst,Bezirk Aalst,PARTAGE,200,17.0,171500.0,235000.0,261439.5,302.0,450.0,837.0
34440,41000,Arrondissement d'Alost,Arrondissement Aalst,Bezirk Aalst,SUCCNALAT,1,371.0,3000.0,6250.0,14922.0,1090.0,1760.0,3171.0
34441,41000,Arrondissement d'Alost,Arrondissement Aalst,Bezirk Aalst,SUCCNALAT,2,117.0,5922.0,12237.0,46152.0,1320.0,2800.0,4810.0
34443,41000,Arrondissement d'Alost,Arrondissement Aalst,Bezirk Aalst,SUCCNALAT,4,38.0,1500.0,3150.0,80000.0,127.0,376.0,528.0
34448,41000,Arrondissement d'Alost,Arrondissement Aalst,Bezirk Aalst,SUCCNALAT,9,61.0,710.0,1540.0,5000.0,780.0,1540.0,2540.0
34449,41000,Arrondissement d'Alost,Arrondissement Aalst,Bezirk Aalst,SUCCNALAT,10,26.0,4218.0,6400.0,175000.0,320.0,1343.0,2140.0
34465,41000,Arrondissement d'Alost,Arrondissement Aalst,Bezirk Aalst,SUCCNALAT,33,17.0,303.75,525.0,846.0,100.0,200.0,466.0
34491,41000,Arrondissement d'Alost,Arrondissement Aalst,Bezirk Aalst,SUCCNALAT,70,18.0,39500.0,68500.0,106000.0,208.0,388.5,879.0
34499,41000,Arrondissement d'Alost,Arrondissement Aalst,Bezirk Aalst,SUCCNALAT,78,10.0,105820.0,135000.0,159000.0,481.0,1097.0,1334.0
34509,41000,Arrondissement d'Alost,Arrondissement Aalst,Bezirk Aalst,SUCCNALAT,200,408.0,146800.0,191250.0,250000.0,194.0,401.0,764.0
34512,41000,Arrondissement d'Alost,Arrondissement Aalst,Bezirk Aalst,SUCCNALAT,203,7.0,40000.0,55000.0,70000.0,56.0,182.0,785.0
34513,41000,Arrondissement d'Alost,Arrondissement Aalst,Bezirk Aalst,SUCCNALAT,204,10.0,13200.0,20000.0,65000.0,19.0,64.0,373.0
34520,41000,Arrondissement d'Alost,Arrondissement Aalst,Bezirk Aalst,SUCCNALAT,240,10.0,200000.0,250000.0,270000.0,967.0,1331.5,1802.0
34595,41000,Arrondissement d'Alost,Arrondissement Aalst,Bezirk Aalst,SUCCNALAT,407,13.0,159400.0,205350.0,287500.0,95.0,180.0,630.0
34686,41000,Arrondissement d'Alost,Arrondissement Aalst,Bezirk Aalst,VENTEIMMEUB,1,178.0,4250.0,9027.5,18756.0,800.0,1585.0,2787.0
34687,41000,Arrondissement d'Alost,Arrondissement Aalst,Bezirk Aalst,VENTEIMMEUB,2,65.0,2650.0,9750.0,17750.0,750.0,2440.0,4530.0
34688,41000,Arrondissement d'Alost,Arrondissement Aalst,Bezirk Aalst,VENTEIMMEUB,3,8.0,9000.0,12000.0,20000.0,725.0,1710.0,3980.0
34689,41000,Arrondissement d'Alost,Arrondissement Aalst,Bezirk Aalst,VENTEIMMEUB,4,54.0,3486.0,3780.0,13500.0,93.0,387.5,528.0
34694,41000,Arrondissement d'Alost,Arrondissement Aalst,Bezirk Aalst,VENTEIMMEUB,9,15.0,2592.0,3000.0,20500.0,630.0,990.0,2160.0
34695,41000,Arrondissement d'Alost,Arrondissement Aalst,Bezirk Aalst,VENTEIMMEUB,10,16.0,43000.0,43000.0,43000.0,274.5,571.0,934.5
34737,41000,Arrondissement d'Alost,Arrondissement Aalst,Bezirk Aalst,VENTEIMMEUB,70,145.0,2178.75,7500.0,117000.0,53.0,242.0,688.0
34745,41000,Arrondissement d'Alost,Arrondissement Aalst,Bezirk Aalst,VENTEIMMEUB,78,108.0,98750.0,141594.6,271438.5,299.5,399.5,569.0
34755,41000,Arrondissement d'Alost,Arrondissement Aalst,Bezirk Aalst,VENTEIMMEUB,200,730.0,160000.0,215000.0,279500.0,182.0,345.5,650.0
34758,41000,Arrondissement d'Alost,Arrondissement Aalst,Bezirk Aalst,VENTEIMMEUB,203,9.0,37500.0,50000.0,55000.0,60.0,191.0,314.0
34759,41000,Arrondissement d'Alost,Arrondissement Aalst,Bezirk Aalst,VENTEIMMEUB,204,27.0,16800.0,19000.0,22500.0,18.0,25.0,121.0
34764,41000,Arrondissement d'Alost,Arrondissement Aalst,Bezirk Aalst,VENTEIMMEUB,222,17.0,249000.0,339000.0,418000.0,150.0,230.0,247.0
34766,41000,Arrondissement d'Alost,Arrondissement Aalst,Bezirk Aalst,VENTEIMMEUB,240,5.0,160000.0,250000.0,500000.0,1189.0,1320.0,1830.0
34773,41000,Arrondissement d'Alost,Arrondissement Aalst,Bezirk Aalst,VENTEIMMEUB,247,7.0,6171.25,40921.25,77000.0,12.0,373.0,1610.0
34841,41000,Arrondissement d'Alost,Arrondissement Aalst,Bezirk Aalst,VENTEIMMEUB,407,31.0,150000.0,252500.0,365000.0,137.0,200.0,346.0
34916,41000,Arrondissement d'Alost,Arrondissement Aalst,Bezirk Aalst,VENTEIMMEUB,539,12.0,30300.0,207000.0,340000.0,136.0,286.0,2057.0
34932,41000,Arrondissement d'Alost,Arrondissement Aalst,Bezirk Aalst,VENTEPUBIMMEUB,1,23.0,19910.0,19910.0,19910.0,920.0,1580.0,3190.0
35001,41000,Arrondissement d'Alost,Arrondissement Aalst,Bezirk Aalst,VENTEPUBIMMEUB,200,14.0,89500.0,107500.0,151600.0,160.0,326.0,380.0
35178,41000,Arrondissement d'Alost,Arrondissement Aalst,Bezirk Aalst,TOTAL,1,910.0,3360.0,7215.0,16020.0,960.0,1800.0,3180.0
35179,41000,Arrondissement d'Alost,Arrondissement Aalst,Bezirk Aalst,TOTAL,2,279.0,5115.0,12237.0,30162.0,1291.0,2630.0,4959.0
35180,41000,Arrondissement d'Alost,Arrondissement Aalst,Bezirk Aalst,TOTAL,3,35.0,9000.0,12000.0,20000.0,1020.0,1320.0,2621.0
35181,41000,Arrondissement d'Alost,Arrondissement Aalst,Bezirk Aalst,TOTAL,4,129.0,2500.0,5500.0,39750.0,111.0,380.0,580.0
35186,41000,Arrondissement d'Alost,Arrondissement Aalst,Bezirk Aalst,TOTAL,9,88.0,780.0,2100.0,5000.0,744.0,1386.0,2437.0
35187,41000,Arrondissement d'Alost,Arrondissement Aalst,Bezirk Aalst,TOTAL,10,65.0,4218.0,24700.0,175000.0,522.0,1090.0,2611.0
35203,41000,Arrondissement d'Alost,Arrondissement Aalst,Bezirk Aalst,TOTAL,33,27.0,303.75,525.0,846.0,70.0,221.0,610.0
35205,41000,Arrondissement d'Alost,Arrondissement Aalst,Bezirk Aalst,TOTAL,35,6.0,550.0,5381.0,92190.0,79.0,164.5,550.0
35216,41000,Arrondissement d'Alost,Arrondissement Aalst,Bezirk Aalst,TOTAL,50,9.0,915000.0,915000.0,915000.0,728.0,1880.0,1989.0
35229,41000,Arrondissement d'Alost,Arrondissement Aalst,Bezirk Aalst,TOTAL,70,265.0,2485.915,13830.0,113500.0,55.0,291.0,746.0
35237,41000,Arrondissement d'Alost,Arrondissement Aalst,Bezirk Aalst,TOTAL,78,221.0,100000.0,142594.6,239818.915,250.0,371.0,634.0
35247,41000,Arrondissement d'Alost,Arrondissement Aalst,Bezirk Aalst,TOTAL,200,1568.0,155000.0,210000.0,275000.0,202.0,390.0,760.0
35250,41000,Arrondissement d'Alost,Arrondissement Aalst,Bezirk Aalst,TOTAL,203,23.0,37500.0,52500.0,70000.0,60.0,191.0,463.0
35251,41000,Arrondissement d'Alost,Arrondissement Aalst,Bezirk Aalst,TOTAL,204,51.0,16500.0,19000.0,57000.0,18.0,30.0,163.0
35256,41000,Arrondissement d'Alost,Arrondissement Aalst,Bezirk Aalst,TOTAL,222,31.0,209500.0,294000.0,378500.0,130.0,228.0,247.0
35258,41000,Arrondissement d'Alost,Arrondissement Aalst,Bezirk Aalst,TOTAL,240,19.0,190000.0,250000.0,385000.0,1115.0,1545.0,2720.0
35265,41000,Arrondissement d'Alost,Arrondissement Aalst,Bezirk Aalst,TOTAL,247,15.0,6171.25,40921.25,77000.0,27.0,424.0,1610.0
35271,41000,Arrondissement d'Alost,Arrondissement Aalst,Bezirk Aalst,TOTAL,265,10.0,295000.0,1147500.0,2000000.0,200.0,1408.0,1690.0
35314,41000,Arrondissement d'Alost,Arrondissement Aalst,Bezirk Aalst,TOTAL,371,12.0,70000.0,70000.0,70000.0,311.5,463.0,1793.5
35333,41000,Arrondissement d'Alost,Arrondissement Aalst,Bezirk Aalst,TOTAL,407,70.0,158800.0,233875.0,325000.0,140.0,230.0,530.0
35363,41000,Arrondissement d'Alost,Arrondissement Aalst,Bezirk Aalst,TOTAL,446,6.0,920000.0,920000.0,920000.0,1581.0,4781.5,7556.0
35408,41000,Arrondissement d'Alost,Arrondissement Aalst,Bezirk Aalst,TOTAL,539,26.0,30300.0,207000.0,340000.0,130.0,286.0,1588.0
35424,42000,Arrondissement de Termonde,Arrondissement Dendermonde,Bezirk Dendermonde,CESSION,1,10.0,35100.0,35100.0,35100.0,2775.0,3485.5,4190.0
35475,42000,Arrondissement de Termonde,Arrondissement Dendermonde,Bezirk Dendermonde,CESSION,70,26.0,14548.8,14548.8,14548.8,51.0,133.0,1432.0
35483,42000,Arrondissement de Termonde,Arrondissement Dendermonde,Bezirk Dendermonde,CESSION,78,5.0,90000.0,200000.0,315000.0,257.0,307.0,724.0
35493,42000,Arrondissement de Termonde,Arrondissement Dendermonde,Bezirk Dendermonde,CESSION,200,40.0,180000.0,239000.0,300000.0,224.0,351.5,588.5
35916,42000,Arrondissement de Termonde,Arrondissement Dendermonde,Bezirk Dendermonde,DONATIMMEUB,1,57.0,25000.0,25000.0,25000.0,2040.0,3420.0,5980.0
35917,42000,Arrondissement de Termonde,Arrondissement Dendermonde,Bezirk Dendermonde,DONATIMMEUB,2,21.0,14000.0,14000.0,14000.0,2730.0,5325.0,8677.0
35919,42000,Arrondissement de Termonde,Arrondissement Dendermonde,Bezirk Dendermonde,DONATIMMEUB,4,9.0,2000.0,2000.0,2000.0,150.0,270.0,466.0
35967,42000,Arrondissement de Termonde,Arrondissement Dendermonde,Bezirk Dendermonde,DONATIMMEUB,70,9.0,181600.0,181600.0,181600.0,228.0,538.0,908.0
35975,42000,Arrondissement de Termonde,Arrondissement Dendermonde,Bezirk Dendermonde,DONATIMMEUB,78,15.0,140000.0,175000.0,220000.0,534.0,762.0,949.0
35985,42000,Arrondissement de Termonde,Arrondissement Dendermonde,Bezirk Dendermonde,DONATIMMEUB,200,90.0,150000.0,213125.0,263000.0,283.0,481.0,839.0
35996,42000,Arrondissement de Termonde,Arrondissement Dendermonde,Bezirk Dendermonde,DONATIMMEUB,240,6.0,300000.0,300000.0,300000.0,1467.0,2196.0,2570.0
36213,42000,Arrondissement de Termonde,Arrondissement Dendermonde,Bezirk Dendermonde,OTHER,70,70.0,50.0,50.0,50.0,160.0,261.0,710.0
36221,42000,Arrondissement de Termonde,Arrondissement Dendermonde,Bezirk Dendermonde,OTHER,78,21.0,10000.0,10000.0,10000.0,329.0,517.0,662.0
36231,42000,Arrondissement de Termonde,Arrondissement Dendermonde,Bezirk Dendermonde,OTHER,200,137.0,200000.0,260000.0,340000.0,240.5,423.5,847.0
36317,42000,Arrondissement de Termonde,Arrondissement Dendermonde,Bezirk Dendermonde,OTHER,407,7.0,279958.92,279958.92,279958.92,228.0,366.0,724.0
36408,42000,Arrondissement de Termonde,Arrondissement Dendermonde,Bezirk Dendermonde,PARTAGE,1,25.0,11375.0,11375.0,11375.0,3010.0,3331.0,5290.0
36654,42000,Arrondissement de Termonde,Arrondissement Dendermonde,Bezirk Dendermonde,SUCCNALAT,1,155.0,6965.0,11552.0,31000.0,1515.0,2983.0,5330.0
36655,42000,Arrondissement de Termonde,Arrondissement Dendermonde,Bezirk Dendermonde,SUCCNALAT,2,34.0,7036.0,13410.0,25050.0,2331.0,3521.5,5010.0
36656,42000,Arrondissement de Termonde,Arrondissement Dendermonde,Bezirk Dendermonde,SUCCNALAT,3,17.0,175.0,6087.5,12000.0,1772.0,2280.0,3362.0
36657,42000,Arrondissement de Termonde,Arrondissement Dendermonde,Bezirk Dendermonde,SUCCNALAT,4,23.0,12900.0,41450.0,70000.0,340.0,443.0,690.0
36662,42000,Arrondissement de Termonde,Arrondissement Dendermonde,Bezirk Dendermonde,SUCCNALAT,9,22.0,3720.0,5342.0,10941.0,1236.0,2787.5,5833.0
36663,42000,Arrondissement de Termonde,Arrondissement Dendermonde,Bezirk Dendermonde,SUCCNALAT,10,9.0,8874.0,9807.0,10740.0,794.0,1479.0,1840.0
36679,42000,Arrondissement de Termonde,Arrondissement Dendermonde,Bezirk Dendermonde,SUCCNALAT,33,10.0,125.0,125.0,125.0,61.0,203.0,430.0
36705,42000,Arrondissement de Termonde,Arrondissement Dendermonde,Bezirk Dendermonde,SUCCNALAT,70,9.0,140000.0,163285.715,204285.715,450.0,574.0,1223.0
36713,42000,Arrondissement de Termonde,Arrondissement Dendermonde,Bezirk Dendermonde,SUCCNALAT,78,7.0,225000.0,225000.0,225000.0,869.0,886.0,1496.0
36723,42000,Arrondissement de Termonde,Arrondissement Dendermonde,Bezirk Dendermonde,SUCCNALAT,200,268.0,140000.0,200000.0,260000.0,216.0,388.0,852.5
36732,42000,Arrondissement de Termonde,Arrondissement Dendermonde,Bezirk Dendermonde,SUCCNALAT,222,9.0,190000.0,200000.0,300000.0,261.0,293.0,454.0
36734,42000,Arrondissement de Termonde,Arrondissement Dendermonde,Bezirk Dendermonde,SUCCNALAT,240,8.0,90000.0,157500.0,225000.0,650.0,1221.5,2773.0
36741,42000,Arrondissement de Termonde,Arrondissement Dendermonde,Bezirk Dendermonde,SUCCNALAT,247,5.0,5000.0,142500.0,280000.0,492.0,564.0,1028.0
36809,42000,Arrondissement de Termonde,Arrondissement Dendermonde,Bezirk Dendermonde,SUCCNALAT,407,9.0,122500.0,150000.0,180000.0,301.0,370.0,430.0
36857,42000,Arrondissement de Termonde,Arrondissement Dendermonde,Bezirk Dendermonde,SUCCNALAT,503,6.0,50000.0,110000.0,170000.0,49.0,613.5,1704.0
36900,42000,Arrondissement de Termonde,Arrondissement Dendermonde,Bezirk Dendermonde,VENTEIMMEUB,1,107.0,10000.0,16500.0,44100.0,1325.0,2757.0,5030.0
36901,42000,Arrondissement de Termonde,Arrondissement Dendermonde,Bezirk Dendermonde,VENTEIMMEUB,2,20.0,5000.0,22920.0,31122.75,2198.0,4030.0,5466.5
36902,42000,Arrondissement de Termonde,Arrondissement Dendermonde,Bezirk Dendermonde,VENTEIMMEUB,3,9.0,9660.0,10000.0,10250.0,1594.0,3213.0,3280.0
36903,42000,Arrondissement de Termonde,Arrondissement Dendermonde,Bezirk Dendermonde,VENTEIMMEUB,4,27.0,3000.0,5000.0,625000.0,30.0,153.0,470.0
36908,42000,Arrondissement de Termonde,Arrondissement Dendermonde,Bezirk Dendermonde,VENTEIMMEUB,9,20.0,6500.0,12500.0,23775.0,1309.0,3009.5,4138.5
36925,42000,Arrondissement de Termonde,Arrondissement Dendermonde,Bezirk Dendermonde,VENTEIMMEUB,33,9.0,45810.0,45810.0,45810.0,245.0,509.0,23044.0
36951,42000,Arrondissement de Termonde,Arrondissement Dendermonde,Bezirk Dendermonde,VENTEIMMEUB,70,64.0,5565.0,111250.0,209000.0,142.0,516.5,1000.0
36959,42000,Arrondissement de Termonde,Arrondissement Dendermonde,Bezirk Dendermonde,VENTEIMMEUB,78,87.0,115000.0,177500.0,252750.0,250.0,338.0,569.0
36969,42000,Arrondissement de Termonde,Arrondissement Dendermonde,Bezirk Dendermonde,VENTEIMMEUB,200,497.0,164000.0,220000.0,285500.0,180.0,312.0,574.0
36972,42000,Arrondissement de Termonde,Arrondissement Dendermonde,Bezirk Dendermonde,VENTEIMMEUB,203,6.0,80000.0,132000.0,181500.0,726.0,1003.0,1010.0
36980,42000,Arrondissement de Termonde,Arrondissement Dendermonde,Bezirk Dendermonde,VENTEIMMEUB,240,5.0,195000.0,242500.0,277500.0,713.0,1220.0,1596.0
36987,42000,Arrondissement de Termonde,Arrondissement Dendermonde,Bezirk Dendermonde,VENTEIMMEUB,247,8.0,50000.0,50000.0,50000.0,97.5,391.0,1920.5
37036,42000,Arrondissement de Termonde,Arrondissement Dendermonde,Bezirk Dendermonde,VENTEIMMEUB,371,7.0,225000.0,770000.0,1315000.0,164.0,2822.0,6529.0
37055,42000,Arrondissement de Termonde,Arrondissement Dendermonde,Bezirk Dendermonde,VENTEIMMEUB,407,19.0,130000.0,212500.0,265000.0,98.0,188.0,340.0
37103,42000,Arrondissement de Termonde,Arrondissement Dendermonde,Bezirk Dendermonde,VENTEIMMEUB,503,9.0,60000.0,145000.0,150000.0,359.0,427.0,536.0
37130,42000,Arrondissement de Termonde,Arrondissement Dendermonde,Bezirk Dendermonde,VENTEIMMEUB,539,17.0,45000.0,70000.0,170000.0,38.0,193.0,297.0
37215,42000,Arrondissement de Termonde,Arrondissement Dendermonde,Bezirk Dendermonde,VENTEPUBIMMEUB,200,12.0,116000.0,130000.0,145000.0,209.0,457.0,863.0
37392,42000,Arrondissement de Termonde,Arrondissement Dendermonde,Bezirk Dendermonde,TOTAL,1,449.0,7488.0,14612.0,34380.0,1674.0,3140.0,5240.0
37393,42000,Arrondissement de Termonde,Arrondissement Dendermonde,Bezirk Dendermonde,TOTAL,2,123.0,7036.0,14000.0,25050.0,2186.0,3930.0,6078.0
37394,42000,Arrondissement de Termonde,Arrondissement Dendermonde,Bezirk Dendermonde,TOTAL,3,138.0,9660.0,10000.0,10250.0,1488.0,2208.5,3610.0
37395,42000,Arrondissement de Termonde,Arrondissement Dendermonde,Bezirk Dendermonde,TOTAL,4,80.0,3000.0,8950.0,70000.0,153.5,366.0,578.0
37400,42000,Arrondissement de Termonde,Arrondissement Dendermonde,Bezirk Dendermonde,TOTAL,9,99.0,5000.0,5406.0,12500.0,1236.0,2461.0,4060.0
37401,42000,Arrondissement de Termonde,Arrondissement Dendermonde,Bezirk Dendermonde,TOTAL,10,18.0,8874.0,10740.0,179000.0,460.0,1314.5,2363.0
37417,42000,Arrondissement de Termonde,Arrondissement Dendermonde,Bezirk Dendermonde,TOTAL,33,34.0,125.0,22967.5,45810.0,135.0,247.5,510.0
37443,42000,Arrondissement de Termonde,Arrondissement Dendermonde,Bezirk Dendermonde,TOTAL,70,180.0,5650.0,122500.0,183000.0,144.0,375.5,1047.0
37451,42000,Arrondissement de Termonde,Arrondissement Dendermonde,Bezirk Dendermonde,TOTAL,78,149.0,115000.0,177500.0,243250.0,276.0,460.0,690.0
37461,42000,Arrondissement de Termonde,Arrondissement Dendermonde,Bezirk Dendermonde,TOTAL,200,1104.0,154500.0,217250.0,285000.0,203.0,370.0,720.0
37464,42000,Arrondissement de Termonde,Arrondissement Dendermonde,Bezirk Dendermonde,TOTAL,203,15.0,80000.0,132000.0,181500.0,60.0,334.5,1003.0
37465,42000,Arrondissement de Termonde,Arrondissement Dendermonde,Bezirk Dendermonde,TOTAL,204,19.0,30000.0,47500.0,65000.0,17.0,28.0,100.0
37470,42000,Arrondissement de Termonde,Arrondissement Dendermonde,Bezirk Dendermonde,TOTAL,222,21.0,200000.0,268000.0,450000.0,230.0,309.0,501.0
37472,42000,Arrondissement de Termonde,Arrondissement Dendermonde,Bezirk Dendermonde,TOTAL,240,28.0,173925.0,230000.0,275000.0,1038.5,1609.0,2638.5
37479,42000,Arrondissement de Termonde,Arrondissement Dendermonde,Bezirk Dendermonde,TOTAL,247,17.0,5000.0,50000.0,280000.0,130.0,604.0,1477.0
37481,42000,Arrondissement de Termonde,Arrondissement Dendermonde,Bezirk Dendermonde,TOTAL,261,6.0,760000.0,920000.0,2225000.0,3862.0,5706.0,10728.0
37528,42000,Arrondissement de Termonde,Arrondissement Dendermonde,Bezirk Dendermonde,TOTAL,371,15.0,125000.0,225000.0,1315000.0,319.0,795.0,2822.0
37547,42000,Arrondissement de Termonde,Arrondissement Dendermonde,Bezirk Dendermonde,TOTAL,407,40.0,130000.0,210000.0,240000.0,170.0,301.0,430.0
37595,42000,Arrondissement de Termonde,Arrondissement Dendermonde,Bezirk Dendermonde,TOTAL,503,27.0,50000.0,145000.0,170000.0,125.0,513.0,699.0
37622,42000,Arrondissement de Termonde,Arrondissement Dendermonde,Bezirk Dendermonde,TOTAL,539,23.0,45000.0,70000.0,170000.0,46.0,137.0,320.0
37638,43000,Arrondissement d'Eeklo,Arrondissement Eeklo,Bezirk Eeklo,CESSION,1,8.0,9256.6,9256.6,9256.6,2822.0,4452.0,6670.0
37707,43000,Arrondissement d'Eeklo,Arrondissement Eeklo,Bezirk Eeklo,CESSION,200,17.0,32122.0,70000.0,175000.0,250.0,405.0,685.0
38133,43000,Arrondissement d'Eeklo,Arrondissement Eeklo,Bezirk Eeklo,DONATIMMEUB,4,5.0,3131.0,139065.5,275000.0,70.0,177.0,483.0
38199,43000,Arrondissement d'Eeklo,Arrondissement Eeklo,Bezirk Eeklo,DONATIMMEUB,200,30.0,150000.0,225000.0,320000.0,332.0,616.0,1110.0
38427,43000,Arrondissement d'Eeklo,Arrondissement Eeklo,Bezirk Eeklo,OTHER,70,12.0,630000.0,630000.0,630000.0,170.5,347.5,706.5
38435,43000,Arrondissement d'Eeklo,Arrondissement Eeklo,Bezirk Eeklo,OTHER,78,9.0,94800.0,94800.0,94800.0,204.0,266.0,474.0
38445,43000,Arrondissement d'Eeklo,Arrondissement Eeklo,Bezirk Eeklo,OTHER,200,39.0,115000.0,225000.0,325000.0,346.0,521.0,876.0
38531,43000,Arrondissement d'Eeklo,Arrondissement Eeklo,Bezirk Eeklo,OTHER,407,7.0,300000.0,300000.0,300000.0,158.0,454.0,965.0
38606,43000,Arrondissement d'Eeklo,Arrondissement Eeklo,Bezirk Eeklo,OTHER,539,13.0,7500.0,7500.0,7500.0,39.0,198.0,2346.0
38691,43000,Arrondissement d'Eeklo,Arrondissement Eeklo,Bezirk Eeklo,PARTAGE,200,6.0,12500.0,51428.57,65000.0,275.0,402.0,820.0
38868,43000,Arrondissement d'Eeklo,Arrondissement Eeklo,Bezirk Eeklo,SUCCNALAT,1,86.0,10000.0,19167.5,25147.5,2643.0,5285.0,7560.0
38869,43000,Arrondissement d'Eeklo,Arrondissement Eeklo,Bezirk Eeklo,SUCCNALAT,2,25.0,13500.0,30000.0,30450.0,2510.0,3740.0,7033.0
38937,43000,Arrondissement d'Eeklo,Arrondissement Eeklo,Bezirk Eeklo,SUCCNALAT,200,95.0,155963.0,195000.0,220000.0,224.0,520.0,946.0
39023,43000,Arrondissement d'Eeklo,Arrondissement Eeklo,Bezirk Eeklo,SUCCNALAT,407,10.0,200000.0,220000.0,258000.0,150.0,297.0,720.0
39114,43000,Arrondissement d'Eeklo,Arrondissement Eeklo,Bezirk Eeklo,VENTEIMMEUB,1,37.0,8000.0,18666.0,81151.61,1041.0,4000.0,7710.0
39115,43000,Arrondissement d'Eeklo,Arrondissement Eeklo,Bezirk Eeklo,VENTEIMMEUB,2,17.0,25000.0,154981.0,284962.0,2811.0,3258.0,5143.0
39117,43000,Arrondissement d'Eeklo,Arrondissement Eeklo,Bezirk Eeklo,VENTEIMMEUB,4,21.0,5000.0,9520.0,10000.0,157.0,241.0,428.0
39165,43000,Arrondissement d'Eeklo,Arrondissement Eeklo,Bezirk Eeklo,VENTEIMMEUB,70,40.0,31000.0,140796.48,234509.19,182.5,357.0,1208.5
39173,43000,Arrondissement d'Eeklo,Arrondissement Eeklo,Bezirk Eeklo,VENTEIMMEUB,78,53.0,142305.0,195000.0,258368.25,193.0,275.0,474.0
39183,43000,Arrondissement d'Eeklo,Arrondissement Eeklo,Bezirk Eeklo,VENTEIMMEUB,200,183.0,149000.0,217500.0,262500.0,169.5,273.0,611.5
39187,43000,Arrondissement d'Eeklo,Arrondissement Eeklo,Bezirk Eeklo,VENTEIMMEUB,204,6.0,30000.0,30000.0,30000.0,22.0,61.0,826.0
39192,43000,Arrondissement d'Eeklo,Arrondissement Eeklo,Bezirk Eeklo,VENTEIMMEUB,222,5.0,190000.0,255000.0,785000.0,120.0,144.0,174.0
39269,43000,Arrondissement d'Eeklo,Arrondissement Eeklo,Bezirk Eeklo,VENTEIMMEUB,407,11.0,105000.0,190000.0,260000.0,150.0,348.0,520.0
39344,43000,Arrondissement d'Eeklo,Arrondissement Eeklo,Bezirk Eeklo,VENTEIMMEUB,539,12.0,17500.0,42852.9,83441.6,127.0,368.0,1011.5
39429,43000,Arrondissement d'Eeklo,Arrondissement Eeklo,Bezirk Eeklo,VENTEPUBIMMEUB,200,5.0,117000.0,178500.0,715000.0,580.0,1033.0,1489.0
39606,43000,Arrondissement d'Eeklo,Arrondissement Eeklo,Bezirk Eeklo,TOTAL,1,204.0,9535.0,18952.5,26285.0,2033.0,4794.5,7934.0
39607,43000,Arrondissement d'Eeklo,Arrondissement Eeklo,Bezirk Eeklo,TOTAL,2,65.0,13500.0,30000.0,65090.0,1694.0,3318.0,7033.0
39609,43000,Arrondissement d'Eeklo,Arrondissement Eeklo,Bezirk Eeklo,TOTAL,4,37.0,4640.2,8010.0,11000.0,137.0,241.0,482.0
39614,43000,Arrondissement d'Eeklo,Arrondissement Eeklo,Bezirk Eeklo,TOTAL,9,10.0,4100.0,8791.52,445000.0,3702.0,3958.0,6310.0
39657,43000,Arrondissement d'Eeklo,Arrondissement Eeklo,Bezirk Eeklo,TOTAL,70,71.0,31000.0,143567.6,247112.62,186.0,351.0,908.0
39665,43000,Arrondissement d'Eeklo,Arrondissement Eeklo,Bezirk Eeklo,TOTAL,78,69.0,129000.0,195000.0,263779.99,196.0,275.0,534.0
39675,43000,Arrondissement d'Eeklo,Arrondissement Eeklo,Bezirk Eeklo,TOTAL,200,394.0,140000.0,205000.0,255000.0,210.0,436.0,831.0
39678,43000,Arrondissement d'Eeklo,Arrondissement Eeklo,Bezirk Eeklo,TOTAL,203,5.0,125000.0,127500.0,130000.0,812.0,989.0,4182.0
39679,43000,Arrondissement d'Eeklo,Arrondissement Eeklo,Bezirk Eeklo,TOTAL,204,13.0,15000.0,22500.0,30000.0,22.0,94.0,330.0
39684,43000,Arrondissement d'Eeklo,Arrondissement Eeklo,Bezirk Eeklo,TOTAL,222,8.0,190000.0,255000.0,785000.0,7.5,132.0,167.0
39686,43000,Arrondissement d'Eeklo,Arrondissement Eeklo,Bezirk Eeklo,TOTAL,240,14.0,167500.0,180000.0,402500.0,2464.0,4848.5,5938.0
39693,43000,Arrondissement d'Eeklo,Arrondissement Eeklo,Bezirk Eeklo,TOTAL,247,7.0,10000.0,10000.0,10000.0,654.0,770.0,3725.0
39761,43000,Arrondissement d'Eeklo,Arrondissement Eeklo,Bezirk Eeklo,TOTAL,407,30.0,155000.0,220000.0,280000.0,158.0,344.0,662.0
39836,43000,Arrondissement d'Eeklo,Arrondissement Eeklo,Bezirk Eeklo,TOTAL,539,34.0,7500.0,38500.0,83441.6,174.0,408.5,1025.0
39852,44000,Arrondissement de Gand,Arrondissement Gent,Bezirk Gent,CESSION,1,34.0,18765.165,32388.67,50721.67,3052.0,5325.0,8950.0
39853,44000,Arrondissement de Gand,Arrondissement Gent,Bezirk Gent,CESSION,2,9.0,104687.5,104687.5,104687.5,2790.0,5156.0,7866.0
39903,44000,Arrondissement de Gand,Arrondissement Gent,Bezirk Gent,CESSION,70,38.0,2875.0,4628.22,202128.22,65.0,317.5,722.0
39911,44000,Arrondissement de Gand,Arrondissement Gent,Bezirk Gent,CESSION,78,12.0,11990.0,30740.0,140000.0,51.5,199.0,890.0
39921,44000,Arrondissement de Gand,Arrondissement Gent,Bezirk Gent,CESSION,200,159.0,80000.0,160000.0,240000.0,155.0,355.0,798.0
40007,44000,Arrondissement de Gand,Arrondissement Gent,Bezirk Gent,CESSION,407,6.0,120000.0,167500.0,268000.0,126.0,658.0,1144.0
40344,44000,Arrondissement de Gand,Arrondissement Gent,Bezirk Gent,DONATIMMEUB,1,113.0,150000.0,306000.0,462000.0,2708.0,4817.0,8725.0
40395,44000,Arrondissement de Gand,Arrondissement Gent,Bezirk Gent,DONATIMMEUB,70,19.0,6675.0,115500.0,145000.0,279.0,624.0,3041.0
40403,44000,Arrondissement de Gand,Arrondissement Gent,Bezirk Gent,DONATIMMEUB,78,19.0,128000.0,200000.0,200000.0,650.0,856.0,1134.0
40413,44000,Arrondissement de Gand,Arrondissement Gent,Bezirk Gent,DONATIMMEUB,200,232.0,200000.0,260000.0,350000.0,209.0,496.0,947.5
40416,44000,Arrondissement de Gand,Arrondissement Gent,Bezirk Gent,DONATIMMEUB,203,5.0,30000.0,30000.0,80000.0,116.0,116.0,220.0
40422,44000,Arrondissement de Gand,Arrondissement Gent,Bezirk Gent,DONATIMMEUB,222,11.0,300000.0,757500.0,1200000.0,122.0,214.0,496.0
40424,44000,Arrondissement de Gand,Arrondissement Gent,Bezirk Gent,DONATIMMEUB,240,5.0,240000.0,245000.0,250000.0,1441.0,1653.0,1679.0
40499,44000,Arrondissement de Gand,Arrondissement Gent,Bezirk Gent,DONATIMMEUB,407,5.0,145000.0,280000.0,375000.0,100.0,208.0,497.0
40590,44000,Arrondissement de Gand,Arrondissement Gent,Bezirk Gent,OTHER,1,55.0,24810.0,124905.0,225000.0,2040.0,4130.0,7860.0
40641,44000,Arrondissement de Gand,Arrondissement Gent,Bezirk Gent,OTHER,70,117.0,1375.0,7000.0,10000.0,42.0,240.0,1450.0
40649,44000,Arrondissement de Gand,Arrondissement Gent,Bezirk Gent,OTHER,78,86.0,131.88,5000.0,30000.0,304.0,365.5,732.0
40659,44000,Arrondissement de Gand,Arrondissement Gent,Bezirk Gent,OTHER,200,323.0,134417.935,230000.0,350000.0,214.0,447.0,960.0
40663,44000,Arrondissement de Gand,Arrondissement Gent,Bezirk Gent,OTHER,204,5.0,15000.0,15000.0,15000.0,107.0,1139.0,1270.0
40726,44000,Arrondissement de Gand,Arrondissement Gent,Bezirk Gent,OTHER,371,9.0,150000.0,255000.0,360000.0,1035.0,12865.0,21020.0
40745,44000,Arrondissement de Gand,Arrondissement Gent,Bezirk Gent,OTHER,407,24.0,150000.0,455000.0,657312.98,223.5,500.0,836.5
40772,44000,Arrondissement de Gand,Arrondissement Gent,Bezirk Gent,OTHER,443,5.0,84000.0,84000.0,84000.0,241.0,8469.0,9587.0
40820,44000,Arrondissement de Gand,Arrondissement Gent,Bezirk Gent,OTHER,539,22.0,15000.0,15000.0,15000.0,26.0,33.0,709.0
40905,44000,Arrondissement de Gand,Arrondissement Gent,Bezirk Gent,PARTAGE,200,30.0,80632.91,133750.0,296676.905,180.0,311.5,968.0
41082,44000,Arrondissement de Gand,Arrondissement Gent,Bezirk Gent,SUCCNALAT,1,213.0,14560.0,29845.0,53932.0,2315.0,4810.0,9172.0
41083,44000,Arrondissement de Gand,Arrondissement Gent,Bezirk Gent,SUCCNALAT,2,91.0,15248.0,19922.5,24390.0,1773.0,3858.0,5670.0
41084,44000,Arrondissement de Gand,Arrondissement Gent,Bezirk Gent,SUCCNALAT,3,21.0,7200.0,10575.0,33292.0,2350.0,4440.0,11088.0
41085,44000,Arrondissement de Gand,Arrondissement Gent,Bezirk Gent,SUCCNALAT,4,27.0,252500.0,252500.0,252500.0,320.0,636.0,946.0
41090,44000,Arrondissement de Gand,Arrondissement Gent,Bezirk Gent,SUCCNALAT,9,18.0,4320.0,5314.0,13800.0,2640.0,4066.5,8991.0
41091,44000,Arrondissement de Gand,Arrondissement Gent,Bezirk Gent,SUCCNALAT,10,16.0,5328.5,9701.0,13515.0,785.0,2170.0,2899.0
41107,44000,Arrondissement de Gand,Arrondissement Gent,Bezirk Gent,SUCCNALAT,33,30.0,805.0,1021.0,2500.0,260.0,424.5,610.0
41133,44000,Arrondissement de Gand,Arrondissement Gent,Bezirk Gent,SUCCNALAT,70,23.0,12500.0,140000.0,160000.0,118.0,298.0,815.0
41141,44000,Arrondissement de Gand,Arrondissement Gent,Bezirk Gent,SUCCNALAT,78,17.0,122000.0,180000.0,205000.0,304.0,536.0,871.0
41151,44000,Arrondissement de Gand,Arrondissement Gent,Bezirk Gent,SUCCNALAT,200,664.0,180000.0,250000.0,314000.0,201.5,447.0,842.5
41154,44000,Arrondissement de Gand,Arrondissement Gent,Bezirk Gent,SUCCNALAT,203,8.0,15000.0,15000.0,15000.0,341.5,535.0,1266.5
41155,44000,Arrondissement de Gand,Arrondissement Gent,Bezirk Gent,SUCCNALAT,204,11.0,20000.0,75550.0,120000.0,36.0,142.0,324.0
41160,44000,Arrondissement de Gand,Arrondissement Gent,Bezirk Gent,SUCCNALAT,222,9.0,345000.0,700000.0,800000.0,118.0,172.0,430.0
41162,44000,Arrondissement de Gand,Arrondissement Gent,Bezirk Gent,SUCCNALAT,240,19.0,158000.0,245000.0,285000.0,1274.0,3063.0,5401.0
41167,44000,Arrondissement de Gand,Arrondissement Gent,Bezirk Gent,SUCCNALAT,245,8.0,23000.0,23000.0,23000.0,773.0,1490.0,2899.0
41169,44000,Arrondissement de Gand,Arrondissement Gent,Bezirk Gent,SUCCNALAT,247,10.0,260.0,1130.0,2000.0,123.0,280.0,2120.0
41237,44000,Arrondissement de Gand,Arrondissement Gent,Bezirk Gent,SUCCNALAT,407,17.0,330000.0,367500.0,610000.0,121.0,334.0,643.0
41285,44000,Arrondissement de Gand,Arrondissement Gent,Bezirk Gent,SUCCNALAT,503,5.0,15000.0,55000.0,90000.0,721.5,1237.5,2069.0
41328,44000,Arrondissement de Gand,Arrondissement Gent,Bezirk Gent,VENTEIMMEUB,1,123.0,19000.0,42520.0,138000.0,2040.0,4550.0,8249.0
41329,44000,Arrondissement de Gand,Arrondissement Gent,Bezirk Gent,VENTEIMMEUB,2,46.0,26500.0,75000.0,138906.25,1848.0,4264.0,7180.0
41330,44000,Arrondissement de Gand,Arrondissement Gent,Bezirk Gent,VENTEIMMEUB,3,7.0,8500.0,139250.0,270000.0,2160.0,3431.0,7970.0
41331,44000,Arrondissement de Gand,Arrondissement Gent,Bezirk Gent,VENTEIMMEUB,4,67.0,7000.0,18000.0,45000.0,67.0,140.0,379.0
41336,44000,Arrondissement de Gand,Arrondissement Gent,Bezirk Gent,VENTEIMMEUB,9,15.0,5000.0,5800.0,15133.5,1522.0,2634.0,7017.0
41353,44000,Arrondissement de Gand,Arrondissement Gent,Bezirk Gent,VENTEIMMEUB,33,22.0,7500.0,7500.0,7500.0,173.0,430.0,662.0
41379,44000,Arrondissement de Gand,Arrondissement Gent,Bezirk Gent,VENTEIMMEUB,70,254.0,8000.0,47400.0,270306.0,82.0,209.0,763.0
41387,44000,Arrondissement de Gand,Arrondissement Gent,Bezirk Gent,VENTEIMMEUB,78,226.0,157500.0,261049.0,326822.835,253.0,358.5,624.0
41397,44000,Arrondissement de Gand,Arrondissement Gent,Bezirk Gent,VENTEIMMEUB,200,1286.0,205000.0,272500.0,350000.0,94.0,249.0,600.0
41400,44000,Arrondissement de Gand,Arrondissement Gent,Bezirk Gent,VENTEIMMEUB,203,10.0,92315.0,120000.0,125000.0,266.0,332.5,559.0
41401,44000,Arrondissement de Gand,Arrondissement Gent,Bezirk Gent,VENTEIMMEUB,204,17.0,25000.0,40000.0,167500.0,31.0,71.0,210.0
41406,44000,Arrondissement de Gand,Arrondissement Gent,Bezirk Gent,VENTEIMMEUB,222,18.0,375000.0,500000.0,1065000.0,150.0,280.0,474.0
41408,44000,Arrondissement de Gand,Arrondissement Gent,Bezirk Gent,VENTEIMMEUB,240,6.0,280000.0,340000.0,400000.0,2269.0,6201.0,8723.0
41464,44000,Arrondissement de Gand,Arrondissement Gent,Bezirk Gent,VENTEIMMEUB,371,11.0,220000.0,405375.0,475000.0,321.0,977.5,2100.0
41465,44000,Arrondissement de Gand,Arrondissement Gent,Bezirk Gent,VENTEIMMEUB,372,7.0,1587.5,2077.5,3200.0,26.0,27.0,28.0
41478,44000,Arrondissement de Gand,Arrondissement Gent,Bezirk Gent,VENTEIMMEUB,402,6.0,280000.0,1390000.0,2500000.0,167.0,291.5,942.0
41483,44000,Arrondissement de Gand,Arrondissement Gent,Bezirk Gent,VENTEIMMEUB,407,71.0,230000.0,290000.0,372000.0,110.0,230.0,449.0
41558,44000,Arrondissement de Gand,Arrondissement Gent,Bezirk Gent,VENTEIMMEUB,539,27.0,31464.85,110000.0,225000.0,149.0,583.5,1217.0
41643,44000,Arrondissement de Gand,Arrondissement Gent,Bezirk Gent,VENTEPUBIMMEUB,200,29.0,130000.0,260000.0,333000.0,190.0,310.0,611.0
41820,44000,Arrondissement de Gand,Arrondissement Gent,Bezirk Gent,TOTAL,1,586.0,16665.0,34637.5,63807.5,2320.0,4717.0,8640.0
41821,44000,Arrondissement de Gand,Arrondissement Gent,Bezirk Gent,TOTAL,2,217.0,15705.0,20385.0,60000.0,1870.0,4273.0,7560.0
41822,44000,Arrondissement de Gand,Arrondissement Gent,Bezirk Gent,TOTAL,3,39.0,7200.0,10575.0,36303.5,2990.0,5427.0,10450.0
41823,44000,Arrondissement de Gand,Arrondissement Gent,Bezirk Gent,TOTAL,4,118.0,9200.0,18873.6,45000.0,103.0,311.0,621.0
41828,44000,Arrondissement de Gand,Arrondissement Gent,Bezirk Gent,TOTAL,9,40.0,5000.0,5957.0,23667.0,1988.5,3211.5,7060.5
41829,44000,Arrondissement de Gand,Arrondissement Gent,Bezirk Gent,TOTAL,10,38.0,9402.0,12500.0,17030.0,850.0,1600.0,2770.0
41845,44000,Arrondissement de Gand,Arrondissement Gent,Bezirk Gent,TOTAL,33,70.0,805.0,1172.0,2707.0,183.0,430.0,908.0
41847,44000,Arrondissement de Gand,Arrondissement Gent,Bezirk Gent,TOTAL,35,7.0,2500.0,5175.0,57000.0,201.0,610.0,1725.0
41858,44000,Arrondissement de Gand,Arrondissement Gent,Bezirk Gent,TOTAL,50,6.0,129320.0,399960.0,1884740.0,1060.0,2773.5,17725.0
41868,44000,Arrondissement de Gand,Arrondissement Gent,Bezirk Gent,TOTAL,67,7.0,1500.0,1500.0,1500.0,1542.0,1694.0,4460.0
41871,44000,Arrondissement de Gand,Arrondissement Gent,Bezirk Gent,TOTAL,70,462.0,5000.0,46800.0,230120.0,72.0,269.0,985.0
41879,44000,Arrondissement de Gand,Arrondissement Gent,Bezirk Gent,TOTAL,78,374.0,145000.0,230000.0,319829.0,265.0,393.5,698.0
41885,44000,Arrondissement de Gand,Arrondissement Gent,Bezirk Gent,TOTAL,164,9.0,300000.0,300000.0,300000.0,111.0,202.0,371.0
41889,44000,Arrondissement de Gand,Arrondissement Gent,Bezirk Gent,TOTAL,200,2870.0,190000.0,260000.0,342000.0,145.0,355.0,768.5
41892,44000,Arrondissement de Gand,Arrondissement Gent,Bezirk Gent,TOTAL,203,31.0,30000.0,80000.0,120000.0,116.0,276.0,490.0
41893,44000,Arrondissement de Gand,Arrondissement Gent,Bezirk Gent,TOTAL,204,40.0,20000.0,62775.0,120000.0,38.0,124.5,473.5
41898,44000,Arrondissement de Gand,Arrondissement Gent,Bezirk Gent,TOTAL,222,59.0,355000.0,550000.0,1100000.0,134.0,292.0,550.0
41900,44000,Arrondissement de Gand,Arrondissement Gent,Bezirk Gent,TOTAL,240,37.0,203000.0,250000.0,290000.0,1653.0,2900.0,5184.0
41905,44000,Arrondissement de Gand,Arrondissement Gent,Bezirk Gent,TOTAL,245,15.0,23000.0,23000.0,23000.0,430.0,1374.0,3522.0
41907,44000,Arrondissement de Gand,Arrondissement Gent,Bezirk Gent,TOTAL,247,19.0,260.0,2000.0,84500.0,143.0,454.5,2120.0
41913,44000,Arrondissement de Gand,Arrondissement Gent,Bezirk Gent,TOTAL,265,11.0,277500.0,590000.0,655000.0,265.0,1120.0,1396.0
41956,44000,Arrondissement de Gand,Arrondissement Gent,Bezirk Gent,TOTAL,371,31.0,185000.0,360375.0,462500.0,321.0,1020.0,3847.0
41957,44000,Arrondissement de Gand,Arrondissement Gent,Bezirk Gent,TOTAL,372,15.0,1587.5,2077.5,3200.0,9.0,25.0,27.0
41970,44000,Arrondissement de Gand,Arrondissement Gent,Bezirk Gent,TOTAL,402,13.0,380000.0,440000.0,490000.0,311.0,414.0,942.0
41975,44000,Arrondissement de Gand,Arrondissement Gent,Bezirk Gent,TOTAL,407,128.0,225000.0,290000.0,375000.0,128.0,270.0,647.0
42002,44000,Arrondissement de Gand,Arrondissement Gent,Bezirk Gent,TOTAL,443,6.0,84000.0,84000.0,84000.0,241.0,9028.0,10989.0
42023,44000,Arrondissement de Gand,Arrondissement Gent,Bezirk Gent,TOTAL,503,8.0,15000.0,55000.0,90000.0,664.0,1000.0,1820.0
42050,44000,Arrondissement de Gand,Arrondissement Gent,Bezirk Gent,TOTAL,539,73.0,25732.425,110000.0,222500.0,29.0,496.0,1647.0
42066,45000,Arrondissement d'Audenarde,Arrondissement Oudenaarde,Bezirk Oudenaarde,CESSION,1,33.0,10220.0,10220.0,10220.0,3260.0,5510.0,7020.0
42117,45000,Arrondissement d'Audenarde,Arrondissement Oudenaarde,Bezirk Oudenaarde,CESSION,70,7.0,6607.5,18737.25,30867.0,27.0,257.0,11562.0
42135,45000,Arrondissement d'Audenarde,Arrondissement Oudenaarde,Bezirk Oudenaarde,CESSION,200,36.0,150000.0,222500.0,302750.0,277.0,623.0,1333.5
42558,45000,Arrondissement d'Audenarde,Arrondissement Oudenaarde,Bezirk Oudenaarde,DONATIMMEUB,1,88.0,30000.0,115000.0,200000.0,3010.0,5285.0,8424.0
42617,45000,Arrondissement d'Audenarde,Arrondissement Oudenaarde,Bezirk Oudenaarde,DONATIMMEUB,78,5.0,100000.0,135000.0,170000.0,897.0,914.0,1066.0
42627,45000,Arrondissement d'Audenarde,Arrondissement Oudenaarde,Bezirk Oudenaarde,DONATIMMEUB,200,50.0,149500.0,201250.0,255000.0,262.0,622.5,1300.0
42873,45000,Arrondissement d'Audenarde,Arrondissement Oudenaarde,Bezirk Oudenaarde,OTHER,200,82.0,200000.0,252325.0,340000.0,391.0,700.0,1389.0
43119,45000,Arrondissement d'Audenarde,Arrondissement Oudenaarde,Bezirk Oudenaarde,PARTAGE,200,8.0,185000.0,250000.0,290000.0,336.5,479.0,767.5
43296,45000,Arrondissement d'Audenarde,Arrondissement Oudenaarde,Bezirk Oudenaarde,SUCCNALAT,1,135.0,10000.0,23537.0,52875.0,2010.0,4000.0,7610.0
43297,45000,Arrondissement d'Audenarde,Arrondissement Oudenaarde,Bezirk Oudenaarde,SUCCNALAT,2,82.0,5424.5,21857.5,120112.5,2426.0,4378.5,8638.0
43298,45000,Arrondissement d'Audenarde,Arrondissement Oudenaarde,Bezirk Oudenaarde,SUCCNALAT,3,11.0,5500.0,9632.0,19875.0,2752.0,2930.0,5520.0
43299,45000,Arrondissement d'Audenarde,Arrondissement Oudenaarde,Bezirk Oudenaarde,SUCCNALAT,4,12.0,1680.0,4645.0,48535.0,242.0,450.5,627.0
43304,45000,Arrondissement d'Audenarde,Arrondissement Oudenaarde,Bezirk Oudenaarde,SUCCNALAT,9,9.0,5880.0,5880.0,5880.0,1710.0,3920.0,6729.0
43305,45000,Arrondissement d'Audenarde,Arrondissement Oudenaarde,Bezirk Oudenaarde,SUCCNALAT,10,9.0,11362.0,53181.0,95000.0,859.0,980.0,3200.0
43355,45000,Arrondissement d'Audenarde,Arrondissement Oudenaarde,Bezirk Oudenaarde,SUCCNALAT,78,8.0,60000.0,96000.0,140000.0,644.0,957.0,1189.0
43365,45000,Arrondissement d'Audenarde,Arrondissement Oudenaarde,Bezirk Oudenaarde,SUCCNALAT,200,164.0,140000.0,180000.0,250000.0,308.5,576.5,1048.5
43369,45000,Arrondissement d'Audenarde,Arrondissement Oudenaarde,Bezirk Oudenaarde,SUCCNALAT,204,5.0,44000.0,71250.0,112250.0,150.0,398.0,767.0
43374,45000,Arrondissement d'Audenarde,Arrondissement Oudenaarde,Bezirk Oudenaarde,SUCCNALAT,222,6.0,186150.0,442500.0,1053850.0,279.0,323.5,390.0
43376,45000,Arrondissement d'Audenarde,Arrondissement Oudenaarde,Bezirk Oudenaarde,SUCCNALAT,240,10.0,200000.0,200000.0,200000.0,760.0,1436.5,1943.0
43383,45000,Arrondissement d'Audenarde,Arrondissement Oudenaarde,Bezirk Oudenaarde,SUCCNALAT,247,9.0,10000.0,166661.5,323323.0,17.5,100.0,386.0
43451,45000,Arrondissement d'Audenarde,Arrondissement Oudenaarde,Bezirk Oudenaarde,SUCCNALAT,407,7.0,172000.0,195000.0,233550.0,249.0,350.0,610.0
43542,45000,Arrondissement d'Audenarde,Arrondissement Oudenaarde,Bezirk Oudenaarde,VENTEIMMEUB,1,70.0,11000.0,15000.0,30000.0,1936.0,2976.0,5408.0
43543,45000,Arrondissement d'Audenarde,Arrondissement Oudenaarde,Bezirk Oudenaarde,VENTEIMMEUB,2,41.0,10984.0,25000.0,35000.0,2070.0,3320.0,6240.0
43544,45000,Arrondissement d'Audenarde,Arrondissement Oudenaarde,Bezirk Oudenaarde,VENTEIMMEUB,3,8.0,3640.0,6320.0,9000.0,955.0,2410.0,6409.0
43545,45000,Arrondissement d'Audenarde,Arrondissement Oudenaarde,Bezirk Oudenaarde,VENTEIMMEUB,4,16.0,1500.0,5710.0,135000.0,169.5,370.5,674.0
43550,45000,Arrondissement d'Audenarde,Arrondissement Oudenaarde,Bezirk Oudenaarde,VENTEIMMEUB,9,6.0,1650.0,2450.0,3250.0,2193.0,3708.5,6256.0
43567,45000,Arrondissement d'Audenarde,Arrondissement Oudenaarde,Bezirk Oudenaarde,VENTEIMMEUB,33,8.0,4800.0,4800.0,4800.0,96.0,141.0,856.5
43593,45000,Arrondissement d'Audenarde,Arrondissement Oudenaarde,Bezirk Oudenaarde,VENTEIMMEUB,70,57.0,1500.0,8855.5,25150.0,62.0,306.0,1031.0
43601,45000,Arrondissement d'Audenarde,Arrondissement Oudenaarde,Bezirk Oudenaarde,VENTEIMMEUB,78,53.0,172500.0,232000.0,278323.93,295.0,411.0,601.0
43611,45000,Arrondissement d'Audenarde,Arrondissement Oudenaarde,Bezirk Oudenaarde,VENTEIMMEUB,200,270.0,130000.0,205000.0,275000.0,190.0,426.0,890.0
43615,45000,Arrondissement d'Audenarde,Arrondissement Oudenaarde,Bezirk Oudenaarde,VENTEIMMEUB,204,11.0,6000.0,24000.0,85000.0,19.0,49.0,150.0
43697,45000,Arrondissement d'Audenarde,Arrondissement Oudenaarde,Bezirk Oudenaarde,VENTEIMMEUB,407,19.0,120000.0,160000.0,287500.0,162.0,466.0,921.0
43772,45000,Arrondissement d'Audenarde,Arrondissement Oudenaarde,Bezirk Oudenaarde,VENTEIMMEUB,539,12.0,135000.0,140751.5,150000.0,109.0,266.5,320.0
43857,45000,Arrondissement d'Audenarde,Arrondissement Oudenaarde,Bezirk Oudenaarde,VENTEPUBIMMEUB,200,7.0,155000.0,255000.0,355000.0,162.0,198.0,529.0
44034,45000,Arrondissement d'Audenarde,Arrondissement Oudenaarde,Bezirk Oudenaarde,TOTAL,1,410.0,10000.0,18000.0,50000.0,2340.0,4210.0,7477.0
44035,45000,Arrondissement d'Audenarde,Arrondissement Oudenaarde,Bezirk Oudenaarde,TOTAL,2,209.0,6357.0,22100.0,57000.0,2426.0,4346.0,7602.0
44036,45000,Arrondissement d'Audenarde,Arrondissement Oudenaarde,Bezirk Oudenaarde,TOTAL,3,35.0,5500.0,9000.0,9712.5,1499.0,2775.0,2990.0
44037,45000,Arrondissement d'Audenarde,Arrondissement Oudenaarde,Bezirk Oudenaarde,TOTAL,4,43.0,1562.5,4636.85,48535.0,120.0,360.0,532.0
44042,45000,Arrondissement d'Audenarde,Arrondissement Oudenaarde,Bezirk Oudenaarde,TOTAL,9,21.0,1650.0,3250.0,5880.0,2090.0,3380.0,6110.0
44043,45000,Arrondissement d'Audenarde,Arrondissement Oudenaarde,Bezirk Oudenaarde,TOTAL,10,19.0,11362.0,50000.0,95000.0,762.0,1545.0,3200.0
44059,45000,Arrondissement d'Audenarde,Arrondissement Oudenaarde,Bezirk Oudenaarde,TOTAL,33,15.0,4800.0,4800.0,4800.0,60.0,183.0,400.0
44061,45000,Arrondissement d'Audenarde,Arrondissement Oudenaarde,Bezirk Oudenaarde,TOTAL,35,5.0,900.0,1727.5,2555.0,40.0,1463.0,3650.0
44085,45000,Arrondissement d'Audenarde,Arrondissement Oudenaarde,Bezirk Oudenaarde,TOTAL,70,86.0,1500.0,10511.0,30867.0,113.0,308.5,1055.0
44093,45000,Arrondissement d'Audenarde,Arrondissement Oudenaarde,Bezirk Oudenaarde,TOTAL,78,81.0,123500.0,199251.0,268595.0,314.0,457.0,866.0
44103,45000,Arrondissement d'Audenarde,Arrondissement Oudenaarde,Bezirk Oudenaarde,TOTAL,200,644.0,140000.0,200000.0,275000.0,255.5,524.0,1079.5
44107,45000,Arrondissement d'Audenarde,Arrondissement Oudenaarde,Bezirk Oudenaarde,TOTAL,204,21.0,20000.0,68000.0,85000.0,28.0,65.0,374.0
44112,45000,Arrondissement d'Audenarde,Arrondissement Oudenaarde,Bezirk Oudenaarde,TOTAL,222,12.0,275000.0,600000.0,845000.0,279.0,295.5,484.0
44114,45000,Arrondissement d'Audenarde,Arrondissement Oudenaarde,Bezirk Oudenaarde,TOTAL,240,26.0,177000.0,287500.0,401800.385,1682.0,1941.0,2817.0
44121,45000,Arrondissement d'Audenarde,Arrondissement Oudenaarde,Bezirk Oudenaarde,TOTAL,247,18.0,10000.0,166661.5,323323.0,20.0,217.0,540.0
44170,45000,Arrondissement d'Audenarde,Arrondissement Oudenaarde,Bezirk Oudenaarde,TOTAL,371,7.0,41000.0,70000.0,117230.0,193.0,268.0,3519.0
44189,45000,Arrondissement d'Audenarde,Arrondissement Oudenaarde,Bezirk Oudenaarde,TOTAL,407,31.0,140000.0,172000.0,235000.0,222.0,435.0,841.0
44264,45000,Arrondissement d'Audenarde,Arrondissement Oudenaarde,Bezirk Oudenaarde,TOTAL,539,20.0,16000.0,135000.0,145000.0,138.0,281.5,1104.0
44280,46000,Arrondissement de Saint-Nicolas,Arrondissement Sint-Niklaas,Bezirk Sint-Niklaas,CESSION,1,29.0,50000.0,121000.2,192000.4,4230.0,4940.0,6290.0
44331,46000,Arrondissement de Saint-Nicolas,Arrondissement Sint-Niklaas,Bezirk Sint-Niklaas,CESSION,70,24.0,6404.0,7011.5,7619.0,35.5,146.0,3545.0
44339,46000,Arrondissement de Saint-Nicolas,Arrondissement Sint-Niklaas,Bezirk Sint-Niklaas,CESSION,78,5.0,140000.0,140000.0,140000.0,525.0,865.0,1152.0
44349,46000,Arrondissement de Saint-Nicolas,Arrondissement Sint-Niklaas,Bezirk Sint-Niklaas,CESSION,200,57.0,193000.0,261500.0,335000.0,206.0,479.0,840.0
44772,46000,Arrondissement de Saint-Nicolas,Arrondissement Sint-Niklaas,Bezirk Sint-Niklaas,DONATIMMEUB,1,74.0,15000.0,54125.0,280000.0,4420.0,5775.0,8060.0
44823,46000,Arrondissement de Saint-Nicolas,Arrondissement Sint-Niklaas,Bezirk Sint-Niklaas,DONATIMMEUB,70,9.0,22553.0,22553.0,22553.0,171.0,451.0,733.0
44831,46000,Arrondissement de Saint-Nicolas,Arrondissement Sint-Niklaas,Bezirk Sint-Niklaas,DONATIMMEUB,78,16.0,128750.0,175000.0,186500.0,537.0,674.5,947.0
44841,46000,Arrondissement de Saint-Nicolas,Arrondissement Sint-Niklaas,Bezirk Sint-Niklaas,DONATIMMEUB,200,87.0,125000.0,200000.0,300000.0,272.0,520.0,799.0
44850,46000,Arrondissement de Saint-Nicolas,Arrondissement Sint-Niklaas,Bezirk Sint-Niklaas,DONATIMMEUB,222,7.0,300000.0,435000.0,570000.0,300.0,475.0,600.0
44859,46000,Arrondissement de Saint-Nicolas,Arrondissement Sint-Niklaas,Bezirk Sint-Niklaas,DONATIMMEUB,247,5.0,200000.0,200000.0,200000.0,752.0,1598.0,2535.0
45069,46000,Arrondissement de Saint-Nicolas,Arrondissement Sint-Niklaas,Bezirk Sint-Niklaas,OTHER,70,58.0,5400.0,5400.0,5400.0,208.0,405.5,1363.0
45077,46000,Arrondissement de Saint-Nicolas,Arrondissement Sint-Niklaas,Bezirk Sint-Niklaas,OTHER,78,29.0,130000.0,130000.0,130000.0,418.0,564.0,1211.0
45083,46000,Arrondissement de Saint-Nicolas,Arrondissement Sint-Niklaas,Bezirk Sint-Niklaas,OTHER,164,5.0,1000.0,1000.0,1000.0,223.5,795.0,1941.5
45087,46000,Arrondissement de Saint-Nicolas,Arrondissement Sint-Niklaas,Bezirk Sint-Niklaas,OTHER,200,126.0,180000.0,300000.0,350000.0,279.0,494.5,914.0
45154,46000,Arrondissement de Saint-Nicolas,Arrondissement Sint-Niklaas,Bezirk Sint-Niklaas,OTHER,371,9.0,2500.0,2500.0,2500.0,1671.0,9296.0,32960.0
45333,46000,Arrondissement de Saint-Nicolas,Arrondissement Sint-Niklaas,Bezirk Sint-Niklaas,PARTAGE,200,10.0,185000.0,220000.0,265000.0,253.0,449.5,568.0
45510,46000,Arrondissement de Saint-Nicolas,Arrondissement Sint-Niklaas,Bezirk Sint-Niklaas,SUCCNALAT,1,150.0,20000.0,31596.0,65500.0,3020.0,5005.0,7411.0
45511,46000,Arrondissement de Saint-Nicolas,Arrondissement Sint-Niklaas,Bezirk Sint-Niklaas,SUCCNALAT,2,48.0,16940.0,20000.0,35250.0,3108.5,4612.0,6475.0
45513,46000,Arrondissement de Saint-Nicolas,Arrondissement Sint-Niklaas,Bezirk Sint-Niklaas,SUCCNALAT,4,23.0,30000.0,62500.0,150000.0,260.0,468.0,670.0
45518,46000,Arrondissement de Saint-Nicolas,Arrondissement Sint-Niklaas,Bezirk Sint-Niklaas,SUCCNALAT,9,12.0,3866.0,5722.0,50000.0,2181.0,2886.0,6549.0
45519,46000,Arrondissement de Saint-Nicolas,Arrondissement Sint-Niklaas,Bezirk Sint-Niklaas,SUCCNALAT,10,7.0,33000.0,33000.0,33000.0,460.0,2970.0,3584.0
45548,46000,Arrondissement de Saint-Nicolas,Arrondissement Sint-Niklaas,Bezirk Sint-Niklaas,SUCCNALAT,50,5.0,170.0,170.0,170.0,17.0,27.0,27.0
45561,46000,Arrondissement de Saint-Nicolas,Arrondissement Sint-Niklaas,Bezirk Sint-Niklaas,SUCCNALAT,70,6.0,1960.0,122940.0,465800.0,139.0,347.5,2329.0
45569,46000,Arrondissement de Saint-Nicolas,Arrondissement Sint-Niklaas,Bezirk Sint-Niklaas,SUCCNALAT,78,9.0,140000.0,160000.0,160000.0,642.0,687.0,800.0
45579,46000,Arrondissement de Saint-Nicolas,Arrondissement Sint-Niklaas,Bezirk Sint-Niklaas,SUCCNALAT,200,316.0,152000.0,200000.0,270000.0,190.0,373.0,706.5
45582,46000,Arrondissement de Saint-Nicolas,Arrondissement Sint-Niklaas,Bezirk Sint-Niklaas,SUCCNALAT,203,5.0,266107.0,266107.0,266107.0,300.0,344.0,589.0
45583,46000,Arrondissement de Saint-Nicolas,Arrondissement Sint-Niklaas,Bezirk Sint-Niklaas,SUCCNALAT,204,8.0,10000.0,12500.0,189879.5,30.0,56.5,306.5
45588,46000,Arrondissement de Saint-Nicolas,Arrondissement Sint-Niklaas,Bezirk Sint-Niklaas,SUCCNALAT,222,11.0,210000.0,387500.0,1125000.0,80.0,184.0,310.0
45590,46000,Arrondissement de Saint-Nicolas,Arrondissement Sint-Niklaas,Bezirk Sint-Niklaas,SUCCNALAT,240,15.0,220000.0,263338.0,295000.0,1417.0,1959.0,2767.0
45665,46000,Arrondissement de Saint-Nicolas,Arrondissement Sint-Niklaas,Bezirk Sint-Niklaas,SUCCNALAT,407,13.0,220000.0,275000.0,300000.0,209.0,478.0,1642.0
45713,46000,Arrondissement de Saint-Nicolas,Arrondissement Sint-Niklaas,Bezirk Sint-Niklaas,SUCCNALAT,503,7.0,80000.0,112500.0,145000.0,207.0,577.0,983.0
45756,46000,Arrondissement de Saint-Nicolas,Arrondissement Sint-Niklaas,Bezirk Sint-Niklaas,VENTEIMMEUB,1,106.0,21828.0,44350.0,93418.015,2550.0,4770.0,7150.0
45757,46000,Arrondissement de Saint-Nicolas,Arrondissement Sint-Niklaas,Bezirk Sint-Niklaas,VENTEIMMEUB,2,25.0,44424.0,57500.0,93955.0,4108.0,5610.0,8300.0
45759,46000,Arrondissement de Saint-Nicolas,Arrondissement Sint-Niklaas,Bezirk Sint-Niklaas,VENTEIMMEUB,4,40.0,16912.0,21944.0,60000.0,182.5,338.0,642.5
45764,46000,Arrondissement de Saint-Nicolas,Arrondissement Sint-Niklaas,Bezirk Sint-Niklaas,VENTEIMMEUB,9,19.0,11160.0,14000.0,21950.0,2445.0,3583.0,6055.0
45807,46000,Arrondissement de Saint-Nicolas,Arrondissement Sint-Niklaas,Bezirk Sint-Niklaas,VENTEIMMEUB,70,135.0,1698.85,4524.55,86301.75,69.0,119.0,576.0
45815,46000,Arrondissement de Saint-Nicolas,Arrondissement Sint-Niklaas,Bezirk Sint-Niklaas,VENTEIMMEUB,78,105.0,152000.0,230000.0,272300.0,269.0,442.0,543.0
45825,46000,Arrondissement de Saint-Nicolas,Arrondissement Sint-Niklaas,Bezirk Sint-Niklaas,VENTEIMMEUB,200,591.0,174000.0,225000.0,290000.0,150.0,274.0,558.0
45828,46000,Arrondissement de Saint-Nicolas,Arrondissement Sint-Niklaas,Bezirk Sint-Niklaas,VENTEIMMEUB,203,5.0,175000.0,240000.0,305000.0,21.0,47.0,236.0
45829,46000,Arrondissement de Saint-Nicolas,Arrondissement Sint-Niklaas,Bezirk Sint-Niklaas,VENTEIMMEUB,204,8.0,30500.0,55250.0,80000.0,27.5,86.0,159.0
45834,46000,Arrondissement de Saint-Nicolas,Arrondissement Sint-Niklaas,Bezirk Sint-Niklaas,VENTEIMMEUB,222,14.0,195000.0,360000.0,440000.0,120.0,159.0,370.0
45836,46000,Arrondissement de Saint-Nicolas,Arrondissement Sint-Niklaas,Bezirk Sint-Niklaas,VENTEIMMEUB,240,5.0,135000.0,182500.0,230000.0,839.0,1180.0,2445.0
45892,46000,Arrondissement de Saint-Nicolas,Arrondissement Sint-Niklaas,Bezirk Sint-Niklaas,VENTEIMMEUB,371,7.0,99000.0,150000.0,2230000.0,135.0,390.0,14347.0
45911,46000,Arrondissement de Saint-Nicolas,Arrondissement Sint-Niklaas,Bezirk Sint-Niklaas,VENTEIMMEUB,407,28.0,164000.0,237500.0,300000.0,130.5,250.5,478.0
45959,46000,Arrondissement de Saint-Nicolas,Arrondissement Sint-Niklaas,Bezirk Sint-Niklaas,VENTEIMMEUB,503,11.0,43000.0,50000.0,122500.0,256.0,1071.0,3500.0
45986,46000,Arrondissement de Saint-Nicolas,Arrondissement Sint-Niklaas,Bezirk Sint-Niklaas,VENTEIMMEUB,539,8.0,130000.0,255000.0,380000.0,142.0,395.0,2951.0
46071,46000,Arrondissement de Saint-Nicolas,Arrondissement Sint-Niklaas,Bezirk Sint-Niklaas,VENTEPUBIMMEUB,200,22.0,113000.0,126250.0,179000.0,124.0,211.5,397.0
46248,46000,Arrondissement de Saint-Nicolas,Arrondissement Sint-Niklaas,Bezirk Sint-Niklaas,TOTAL,1,459.0,20000.0,42200.0,68100.0,3395.0,5020.0,7538.0
46249,46000,Arrondissement de Saint-Nicolas,Arrondissement Sint-Niklaas,Bezirk Sint-Niklaas,TOTAL,2,134.0,18640.0,35745.0,59050.0,3100.0,4620.0,6770.0
46251,46000,Arrondissement de Saint-Nicolas,Arrondissement Sint-Niklaas,Bezirk Sint-Niklaas,TOTAL,4,88.0,20000.0,30000.0,62500.0,206.0,363.5,667.5
46256,46000,Arrondissement de Saint-Nicolas,Arrondissement Sint-Niklaas,Bezirk Sint-Niklaas,TOTAL,9,50.0,7300.0,13000.0,21950.0,2360.0,3380.0,5843.0
46257,46000,Arrondissement de Saint-Nicolas,Arrondissement Sint-Niklaas,Bezirk Sint-Niklaas,TOTAL,10,17.0,33000.0,33000.0,33000.0,825.0,1777.0,3584.0
46286,46000,Arrondissement de Saint-Nicolas,Arrondissement Sint-Niklaas,Bezirk Sint-Niklaas,TOTAL,50,10.0,170.0,191039.4,250000.0,27.0,544.0,2955.0
46299,46000,Arrondissement de Saint-Nicolas,Arrondissement Sint-Niklaas,Bezirk Sint-Niklaas,TOTAL,70,239.0,1752.7,5350.0,86301.75,76.0,266.0,956.0
46304,46000,Arrondissement de Saint-Nicolas,Arrondissement Sint-Niklaas,Bezirk Sint-Niklaas,TOTAL,75,12.0,1550.0,1550.0,1550.0,810.0,3610.0,5758.5
46307,46000,Arrondissement de Saint-Nicolas,Arrondissement Sint-Niklaas,Bezirk Sint-Niklaas,TOTAL,78,170.0,145000.0,213500.0,259157.25,315.0,486.0,713.0
46313,46000,Arrondissement de Saint-Nicolas,Arrondissement Sint-Niklaas,Bezirk Sint-Niklaas,TOTAL,164,7.0,1000.0,1000.0,1000.0,301.0,1524.0,1759.0
46317,46000,Arrondissement de Saint-Nicolas,Arrondissement Sint-Niklaas,Bezirk Sint-Niklaas,TOTAL,200,1260.0,165000.0,220000.0,290000.0,176.0,349.5,665.0
46320,46000,Arrondissement de Saint-Nicolas,Arrondissement Sint-Niklaas,Bezirk Sint-Niklaas,TOTAL,203,16.0,175000.0,266107.0,305000.0,37.5,322.0,1022.5
46321,46000,Arrondissement de Saint-Nicolas,Arrondissement Sint-Niklaas,Bezirk Sint-Niklaas,TOTAL,204,25.0,10000.0,30500.0,100000.0,27.0,53.0,167.0
46326,46000,Arrondissement de Saint-Nicolas,Arrondissement Sint-Niklaas,Bezirk Sint-Niklaas,TOTAL,222,42.0,195000.0,355000.0,510000.0,120.0,295.0,450.0
46328,46000,Arrondissement de Saint-Nicolas,Arrondissement Sint-Niklaas,Bezirk Sint-Niklaas,TOTAL,240,30.0,220000.0,250000.0,295000.0,1300.0,2033.0,4115.0
46335,46000,Arrondissement de Saint-Nicolas,Arrondissement Sint-Niklaas,Bezirk Sint-Niklaas,TOTAL,247,17.0,200000.0,240755.0,255000.0,752.0,1598.0,3310.0
46341,46000,Arrondissement de Saint-Nicolas,Arrondissement Sint-Niklaas,Bezirk Sint-Niklaas,TOTAL,265,7.0,487500.0,487500.0,487500.0,585.0,994.0,2250.0
46384,46000,Arrondissement de Saint-Nicolas,Arrondissement Sint-Niklaas,Bezirk Sint-Niklaas,TOTAL,371,23.0,50000.0,99000.0,2230000.0,352.0,1621.0,14347.0
46398,46000,Arrondissement de Saint-Nicolas,Arrondissement Sint-Niklaas,Bezirk Sint-Niklaas,TOTAL,402,5.0,350000.0,650000.0,950000.0,257.0,1341.5,2864.5
46403,46000,Arrondissement de Saint-Nicolas,Arrondissement Sint-Niklaas,Bezirk Sint-Niklaas,TOTAL,407,61.0,164000.0,235000.0,300000.0,139.0,359.5,675.0
46434,46000,Arrondissement de Saint-Nicolas,Arrondissement Sint-Niklaas,Bezirk Sint-Niklaas,TOTAL,460,6.0,161000.0,161000.0,161000.0,474.0,2517.0,6440.0
46451,46000,Arrondissement de Saint-Nicolas,Arrondissement Sint-Niklaas,Bezirk Sint-Niklaas,TOTAL,503,22.0,46500.0,85000.0,133750.0,256.0,936.5,2000.0
46478,46000,Arrondissement de Saint-Nicolas,Arrondissement Sint-Niklaas,Bezirk Sint-Niklaas,TOTAL,539,19.0,130000.0,255000.0,380000.0,289.0,2903.0,2951.0
46563,51000,Arrondissement d'Ath,Arrondissement Aat,Bezirk Ath,CESSION,200,12.0,120000.0,149000.0,222987.47,270.0,445.0,1026.5
46986,51000,Arrondissement d'Ath,Arrondissement Aat,Bezirk Ath,DONATIMMEUB,1,21.0,2550.0,8775.0,15000.0,2440.0,3865.0,8290.0
47055,51000,Arrondissement d'Ath,Arrondissement Aat,Bezirk Ath,DONATIMMEUB,200,17.0,100000.0,105000.0,160000.0,145.0,260.0,383.0
47301,51000,Arrondissement d'Ath,Arrondissement Aat,Bezirk Ath,OTHER,200,49.0,97500.0,150000.0,245000.0,363.0,748.0,1374.0
47547,51000,Arrondissement d'Ath,Arrondissement Aat,Bezirk Ath,PARTAGE,200,8.0,115000.0,195000.0,270000.0,440.0,819.0,2528.0
47724,51000,Arrondissement d'Ath,Arrondissement Aat,Bezirk Ath,SUCCNALAT,1,160.0,2065.5,4500.5,9934.0,2102.0,4970.0,7115.0
47725,51000,Arrondissement d'Ath,Arrondissement Aat,Bezirk Ath,SUCCNALAT,2,80.0,2110.0,6596.8,33300.0,2050.0,3710.0,6735.0
47726,51000,Arrondissement d'Ath,Arrondissement Aat,Bezirk Ath,SUCCNALAT,3,28.0,1450.0,2120.0,2555.0,1565.0,2340.0,3625.0
47727,51000,Arrondissement d'Ath,Arrondissement Aat,Bezirk Ath,SUCCNALAT,4,15.0,1100.0,6500.0,15000.0,240.0,450.0,630.0
47732,51000,Arrondissement d'Ath,Arrondissement Aat,Bezirk Ath,SUCCNALAT,9,17.0,950.0,1808.0,2528.0,1580.0,4417.0,6320.0
47733,51000,Arrondissement d'Ath,Arrondissement Aat,Bezirk Ath,SUCCNALAT,10,5.0,8310.0,44155.0,80000.0,985.0,2890.0,2890.0
47775,51000,Arrondissement d'Ath,Arrondissement Aat,Bezirk Ath,SUCCNALAT,70,5.0,142.315,49617.815,109480.0,50.0,464.0,735.0
47793,51000,Arrondissement d'Ath,Arrondissement Aat,Bezirk Ath,SUCCNALAT,200,143.0,82500.0,130000.0,180000.0,316.0,560.0,916.0
47796,51000,Arrondissement d'Ath,Arrondissement Aat,Bezirk Ath,SUCCNALAT,203,6.0,2500.0,28750.0,55000.0,30.0,58.0,70.0
47804,51000,Arrondissement d'Ath,Arrondissement Aat,Bezirk Ath,SUCCNALAT,240,5.0,115000.0,132500.0,150000.0,690.0,1530.0,2210.0
47811,51000,Arrondissement d'Ath,Arrondissement Aat,Bezirk Ath,SUCCNALAT,247,8.0,500.0,5000.0,40000.0,30.0,315.0,1312.0
47970,51000,Arrondissement d'Ath,Arrondissement Aat,Bezirk Ath,VENTEIMMEUB,1,33.0,5630.0,10811.0,42200.0,3114.0,4263.0,6650.0
47971,51000,Arrondissement d'Ath,Arrondissement Aat,Bezirk Ath,VENTEIMMEUB,2,30.0,90064.0,138190.8,210000.0,996.0,4465.0,7760.0
47972,51000,Arrondissement d'Ath,Arrondissement Aat,Bezirk Ath,VENTEIMMEUB,3,8.0,10000.0,10000.0,10000.0,1017.5,1580.0,4411.5
47973,51000,Arrondissement d'Ath,Arrondissement Aat,Bezirk Ath,VENTEIMMEUB,4,23.0,6250.0,11522.5,47287.5,335.0,500.0,957.0
47978,51000,Arrondissement d'Ath,Arrondissement Aat,Bezirk Ath,VENTEIMMEUB,9,10.0,4050.0,4750.0,45000.0,1520.0,3707.5,5140.0
47979,51000,Arrondissement d'Ath,Arrondissement Aat,Bezirk Ath,VENTEIMMEUB,10,5.0,25000.0,25000.0,25000.0,630.0,1680.0,2075.0
48021,51000,Arrondissement d'Ath,Arrondissement Aat,Bezirk Ath,VENTEIMMEUB,70,45.0,2715.0,30000.0,79900.0,109.0,571.0,1466.0
48029,51000,Arrondissement d'Ath,Arrondissement Aat,Bezirk Ath,VENTEIMMEUB,78,14.0,81000.0,113500.0,250750.0,758.0,1165.5,1455.0
48039,51000,Arrondissement d'Ath,Arrondissement Aat,Bezirk Ath,VENTEIMMEUB,200,202.0,130000.0,155000.0,220000.0,305.0,593.5,1155.0
48043,51000,Arrondissement d'Ath,Arrondissement Aat,Bezirk Ath,VENTEIMMEUB,204,7.0,3000.0,179000.0,355000.0,19.0,20.0,115.0
48125,51000,Arrondissement d'Ath,Arrondissement Aat,Bezirk Ath,VENTEIMMEUB,407,6.0,55000.0,76500.0,99000.0,103.0,247.5,370.0
48200,51000,Arrondissement d'Ath,Arrondissement Aat,Bezirk Ath,VENTEIMMEUB,539,5.0,125000.0,130000.0,300000.0,311.0,366.0,2155.0
48285,51000,Arrondissement d'Ath,Arrondissement Aat,Bezirk Ath,VENTEPUBIMMEUB,200,6.0,54184.91,94441.26,132967.91,410.0,425.0,430.0
48462,51000,Arrondissement d'Ath,Arrondissement Aat,Bezirk Ath,TOTAL,1,230.0,2200.0,5082.5,10820.0,2400.0,4615.0,7237.0
48463,51000,Arrondissement d'Ath,Arrondissement Aat,Bezirk Ath,TOTAL,2,137.0,2576.0,9251.0,90064.0,1510.0,3700.0,6890.0
48464,51000,Arrondissement d'Ath,Arrondissement Aat,Bezirk Ath,TOTAL,3,41.0,1537.0,2120.0,4007.5,1560.0,2860.0,4720.0
48465,51000,Arrondissement d'Ath,Arrondissement Aat,Bezirk Ath,TOTAL,4,48.0,1100.0,8000.0,15000.0,321.0,500.0,730.5
48470,51000,Arrondissement d'Ath,Arrondissement Aat,Bezirk Ath,TOTAL,9,34.0,1001.6,2528.0,5000.0,1330.0,3330.0,5890.0
48471,51000,Arrondissement d'Ath,Arrondissement Aat,Bezirk Ath,TOTAL,10,13.0,8310.0,25000.0,80000.0,660.0,1260.0,2890.0
48487,51000,Arrondissement d'Ath,Arrondissement Aat,Bezirk Ath,TOTAL,33,12.0,38.0,38.5,39.0,110.0,208.0,346.0
48489,51000,Arrondissement d'Ath,Arrondissement Aat,Bezirk Ath,TOTAL,35,5.0,664.0,664.0,664.0,15.0,298.0,830.0
48510,51000,Arrondissement d'Ath,Arrondissement Aat,Bezirk Ath,TOTAL,67,5.0,810.0,2865.0,8920.0,285.0,800.0,980.0
48513,51000,Arrondissement d'Ath,Arrondissement Aat,Bezirk Ath,TOTAL,70,95.0,2000.0,30000.0,80000.0,51.0,787.0,1678.0
48521,51000,Arrondissement d'Ath,Arrondissement Aat,Bezirk Ath,TOTAL,78,22.0,80000.0,102000.0,236500.0,767.0,1236.0,1616.0
48531,51000,Arrondissement d'Ath,Arrondissement Aat,Bezirk Ath,TOTAL,200,453.0,100000.0,145000.0,200000.0,307.5,586.5,1033.5
48534,51000,Arrondissement d'Ath,Arrondissement Aat,Bezirk Ath,TOTAL,203,12.0,2500.0,55000.0,90000.0,30.0,58.0,70.0
48535,51000,Arrondissement d'Ath,Arrondissement Aat,Bezirk Ath,TOTAL,204,15.0,3000.0,6500.0,190000.0,20.0,35.0,115.0
48542,51000,Arrondissement d'Ath,Arrondissement Aat,Bezirk Ath,TOTAL,240,9.0,115000.0,132500.0,150000.0,690.0,2210.0,3060.0
48549,51000,Arrondissement d'Ath,Arrondissement Aat,Bezirk Ath,TOTAL,247,18.0,5000.0,35000.0,65000.0,168.0,682.0,1250.0
48617,51000,Arrondissement d'Ath,Arrondissement Aat,Bezirk Ath,TOTAL,407,13.0,55000.0,98000.0,140000.0,165.0,300.0,376.0
48692,51000,Arrondissement d'Ath,Arrondissement Aat,Bezirk Ath,TOTAL,539,11.0,33000.0,80000.0,130000.0,311.0,642.0,2155.0
48709,52000,Arrondissement de Charleroi,Arrondissement Charleroi,Bezirk Charleroi,CESSION,2,5.0,80000.0,80000.0,80000.0,780.0,840.0,1553.0
48759,52000,Arrondissement de Charleroi,Arrondissement Charleroi,Bezirk Charleroi,CESSION,70,21.0,40000.0,40000.0,40000.0,6.0,14.0,47.0
48777,52000,Arrondissement de Charleroi,Arrondissement Charleroi,Bezirk Charleroi,CESSION,200,139.0,62500.0,130000.0,170000.0,194.0,350.0,640.0
48781,52000,Arrondissement de Charleroi,Arrondissement Charleroi,Bezirk Charleroi,CESSION,204,9.0,6500.0,18500.0,50000.0,31.0,37.0,78.0
49200,52000,Arrondissement de Charleroi,Arrondissement Charleroi,Bezirk Charleroi,DONATIMMEUB,1,16.0,150000.0,150000.0,150000.0,2200.0,4018.5,8420.0
49251,52000,Arrondissement de Charleroi,Arrondissement Charleroi,Bezirk Charleroi,DONATIMMEUB,70,7.0,5700.0,9300.0,75000.0,47.0,193.0,1116.0
49269,52000,Arrondissement de Charleroi,Arrondissement Charleroi,Bezirk Charleroi,DONATIMMEUB,200,74.0,75000.0,100000.0,150000.0,154.0,300.0,600.0
49273,52000,Arrondissement de Charleroi,Arrondissement Charleroi,Bezirk Charleroi,DONATIMMEUB,204,13.0,8500.0,8625.0,8750.0,32.0,37.0,130.0
49430,52000,Arrondissement de Charleroi,Arrondissement Charleroi,Bezirk Charleroi,DONATIMMEUB,539,10.0,70000.0,104000.0,138000.0,29.0,174.0,297.0
49447,52000,Arrondissement de Charleroi,Arrondissement Charleroi,Bezirk Charleroi,OTHER,2,8.0,60000.0,60000.0,60000.0,852.0,2185.5,7560.0
49497,52000,Arrondissement de Charleroi,Arrondissement Charleroi,Bezirk Charleroi,OTHER,70,22.0,35640.0,35640.0,35640.0,225.0,416.0,1083.0
49515,52000,Arrondissement de Charleroi,Arrondissement Charleroi,Bezirk Charleroi,OTHER,200,140.0,105000.0,140000.0,185000.0,224.0,397.0,850.0
49601,52000,Arrondissement de Charleroi,Arrondissement Charleroi,Bezirk Charleroi,OTHER,407,9.0,85000.0,85000.0,85000.0,152.0,200.0,343.0
49761,52000,Arrondissement de Charleroi,Arrondissement Charleroi,Bezirk Charleroi,PARTAGE,200,28.0,85000.0,150000.0,230000.0,125.0,245.0,506.0
49765,52000,Arrondissement de Charleroi,Arrondissement Charleroi,Bezirk Charleroi,PARTAGE,204,10.0,37500.0,37500.0,37500.0,21.0,38.5,88.0
49938,52000,Arrondissement de Charleroi,Arrondissement Charleroi,Bezirk Charleroi,SUCCNALAT,1,311.0,5295.0,21132.5,58750.0,1880.0,4090.0,9710.0
49939,52000,Arrondissement de Charleroi,Arrondissement Charleroi,Bezirk Charleroi,SUCCNALAT,2,73.0,5000.0,15000.0,56250.0,1360.0,4070.0,9857.0
49940,52000,Arrondissement de Charleroi,Arrondissement Charleroi,Bezirk Charleroi,SUCCNALAT,3,33.0,2125.0,4120.0,31195.5,1325.0,1983.0,3470.0
49941,52000,Arrondissement de Charleroi,Arrondissement Charleroi,Bezirk Charleroi,SUCCNALAT,4,81.0,892.5,1000.0,1151.0,240.0,385.0,575.0
49947,52000,Arrondissement de Charleroi,Arrondissement Charleroi,Bezirk Charleroi,SUCCNALAT,10,7.0,150000.0,150000.0,150000.0,970.0,2810.0,8980.0
49963,52000,Arrondissement de Charleroi,Arrondissement Charleroi,Bezirk Charleroi,SUCCNALAT,33,24.0,500.0,500.0,730.0,72.5,107.5,235.0
49965,52000,Arrondissement de Charleroi,Arrondissement Charleroi,Bezirk Charleroi,SUCCNALAT,35,5.0,50.0,525.0,1000.0,200.0,4720.0,15350.0
49989,52000,Arrondissement de Charleroi,Arrondissement Charleroi,Bezirk Charleroi,SUCCNALAT,70,16.0,5600.0,27500.0,85000.0,164.5,339.5,702.0
49996,52000,Arrondissement de Charleroi,Arrondissement Charleroi,Bezirk Charleroi,SUCCNALAT,77,15.0,2500.0,2500.0,2500.0,149.0,348.0,661.0
50007,52000,Arrondissement de Charleroi,Arrondissement Charleroi,Bezirk Charleroi,SUCCNALAT,200,706.0,80000.0,110000.0,150000.0,170.0,304.0,570.0
50011,52000,Arrondissement de Charleroi,Arrondissement Charleroi,Bezirk Charleroi,SUCCNALAT,204,71.0,5000.0,6000.0,8000.0,18.0,26.0,57.0
50018,52000,Arrondissement de Charleroi,Arrondissement Charleroi,Bezirk Charleroi,SUCCNALAT,240,6.0,207500.0,255500.0,305500.0,2121.0,3780.5,4970.0
50074,52000,Arrondissement de Charleroi,Arrondissement Charleroi,Bezirk Charleroi,SUCCNALAT,371,5.0,36556.0,36556.0,36556.0,563.0,980.0,2044.0
50093,52000,Arrondissement de Charleroi,Arrondissement Charleroi,Bezirk Charleroi,SUCCNALAT,407,19.0,100000.0,132500.0,195000.0,150.0,174.0,535.0
50184,52000,Arrondissement de Charleroi,Arrondissement Charleroi,Bezirk Charleroi,VENTEIMMEUB,1,46.0,20000.0,45039.0,201818.42,216.0,599.5,3360.0
50185,52000,Arrondissement de Charleroi,Arrondissement Charleroi,Bezirk Charleroi,VENTEIMMEUB,2,51.0,10000.0,13500.0,18125.0,986.0,2805.0,9666.0
50186,52000,Arrondissement de Charleroi,Arrondissement Charleroi,Bezirk Charleroi,VENTEIMMEUB,3,19.0,4800.0,39900.0,75000.0,872.0,1870.0,5260.0
50187,52000,Arrondissement de Charleroi,Arrondissement Charleroi,Bezirk Charleroi,VENTEIMMEUB,4,98.0,1000.0,5000.0,12500.0,137.0,259.0,465.0
50192,52000,Arrondissement de Charleroi,Arrondissement Charleroi,Bezirk Charleroi,VENTEIMMEUB,9,10.0,7000.0,66000.0,125000.0,990.0,2235.0,4400.0
50193,52000,Arrondissement de Charleroi,Arrondissement Charleroi,Bezirk Charleroi,VENTEIMMEUB,10,5.0,1500.0,1500.0,1500.0,476.0,600.0,615.0
50235,52000,Arrondissement de Charleroi,Arrondissement Charleroi,Bezirk Charleroi,VENTEIMMEUB,70,94.0,26800.0,83250.0,164000.0,182.0,604.0,1279.0
50243,52000,Arrondissement de Charleroi,Arrondissement Charleroi,Bezirk Charleroi,VENTEIMMEUB,78,81.0,81000.0,164767.385,226300.0,225.0,281.0,624.0
50253,52000,Arrondissement de Charleroi,Arrondissement Charleroi,Bezirk Charleroi,VENTEIMMEUB,200,978.0,80000.0,125000.0,170000.0,150.0,265.0,490.0
50256,52000,Arrondissement de Charleroi,Arrondissement Charleroi,Bezirk Charleroi,VENTEIMMEUB,203,18.0,2000.0,2000.0,2000.0,19.0,37.5,95.0
50257,52000,Arrondissement de Charleroi,Arrondissement Charleroi,Bezirk Charleroi,VENTEIMMEUB,204,134.0,8000.0,10750.0,60000.0,17.0,24.5,70.0
50262,52000,Arrondissement de Charleroi,Arrondissement Charleroi,Bezirk Charleroi,VENTEIMMEUB,222,13.0,180000.0,206000.0,307500.0,118.0,235.0,270.0
50320,52000,Arrondissement de Charleroi,Arrondissement Charleroi,Bezirk Charleroi,VENTEIMMEUB,371,13.0,39500.0,62000.0,113500.0,383.0,464.0,492.0
50339,52000,Arrondissement de Charleroi,Arrondissement Charleroi,Bezirk Charleroi,VENTEIMMEUB,407,49.0,85000.0,125000.0,190000.0,90.0,158.0,277.0
50395,52000,Arrondissement de Charleroi,Arrondissement Charleroi,Bezirk Charleroi,VENTEIMMEUB,520,5.0,15000.0,71000.0,280000.0,367.0,387.0,490.0
50414,52000,Arrondissement de Charleroi,Arrondissement Charleroi,Bezirk Charleroi,VENTEIMMEUB,539,30.0,5000.0,45000.0,190000.0,16.5,29.0,126.5
50499,52000,Arrondissement de Charleroi,Arrondissement Charleroi,Bezirk Charleroi,VENTEPUBIMMEUB,200,39.0,40713.16,60512.4,79000.0,105.0,202.0,340.0
50676,52000,Arrondissement de Charleroi,Arrondissement Charleroi,Bezirk Charleroi,TOTAL,1,457.0,5370.0,25000.0,67584.0,1530.0,3840.0,8990.0
50677,52000,Arrondissement de Charleroi,Arrondissement Charleroi,Bezirk Charleroi,TOTAL,2,154.0,8280.0,15500.0,80000.0,1017.0,3929.0,9857.0
50678,52000,Arrondissement de Charleroi,Arrondissement Charleroi,Bezirk Charleroi,TOTAL,3,69.0,3000.0,4900.0,53116.0,1260.0,1966.0,3890.0
50679,52000,Arrondissement de Charleroi,Arrondissement Charleroi,Bezirk Charleroi,TOTAL,4,219.0,1000.0,3176.7,7500.0,156.0,320.0,520.0
50684,52000,Arrondissement de Charleroi,Arrondissement Charleroi,Bezirk Charleroi,TOTAL,9,43.0,6000.0,66000.0,127500.0,1930.0,4400.0,12000.0
50685,52000,Arrondissement de Charleroi,Arrondissement Charleroi,Bezirk Charleroi,TOTAL,10,14.0,1500.0,75750.0,150000.0,615.0,1330.0,2810.0
50701,52000,Arrondissement de Charleroi,Arrondissement Charleroi,Bezirk Charleroi,TOTAL,33,42.0,500.0,500.0,730.0,80.0,147.5,374.0
50703,52000,Arrondissement de Charleroi,Arrondissement Charleroi,Bezirk Charleroi,TOTAL,35,10.0,50.0,525.0,1000.0,220.0,2457.0,4720.0
50727,52000,Arrondissement de Charleroi,Arrondissement Charleroi,Bezirk Charleroi,TOTAL,70,168.0,15000.0,75000.0,125000.0,125.5,447.5,1162.5
50734,52000,Arrondissement de Charleroi,Arrondissement Charleroi,Bezirk Charleroi,TOTAL,77,38.0,2500.0,2500.0,2500.0,149.0,304.0,426.0
50735,52000,Arrondissement de Charleroi,Arrondissement Charleroi,Bezirk Charleroi,TOTAL,78,95.0,81000.0,157500.0,226300.0,230.0,372.0,715.0
50745,52000,Arrondissement de Charleroi,Arrondissement Charleroi,Bezirk Charleroi,TOTAL,200,2139.0,80000.0,120000.0,162000.0,164.0,290.0,545.0
50748,52000,Arrondissement de Charleroi,Arrondissement Charleroi,Bezirk Charleroi,TOTAL,203,27.0,2000.0,2000.0,2000.0,20.0,70.0,112.0
50749,52000,Arrondissement de Charleroi,Arrondissement Charleroi,Bezirk Charleroi,TOTAL,204,251.0,5000.0,8000.0,15500.0,18.0,29.0,62.0
50754,52000,Arrondissement de Charleroi,Arrondissement Charleroi,Bezirk Charleroi,TOTAL,222,22.0,180000.0,212500.0,325000.0,206.0,271.0,410.0
50756,52000,Arrondissement de Charleroi,Arrondissement Charleroi,Bezirk Charleroi,TOTAL,240,9.0,190000.0,225000.0,286000.0,2030.0,3341.0,4220.0
50763,52000,Arrondissement de Charleroi,Arrondissement Charleroi,Bezirk Charleroi,TOTAL,247,6.0,45000.0,45000.0,45000.0,268.0,390.0,600.0
50765,52000,Arrondissement de Charleroi,Arrondissement Charleroi,Bezirk Charleroi,TOTAL,261,6.0,150661.96,550000.0,693587.56,821.5,1503.0,4457.0
50769,52000,Arrondissement de Charleroi,Arrondissement Charleroi,Bezirk Charleroi,TOTAL,265,8.0,15000.0,41985.0,50000.0,320.0,1361.5,2629.0
50812,52000,Arrondissement de Charleroi,Arrondissement Charleroi,Bezirk Charleroi,TOTAL,371,25.0,39500.0,86000.0,150000.0,369.0,470.0,923.0
50826,52000,Arrondissement de Charleroi,Arrondissement Charleroi,Bezirk Charleroi,TOTAL,402,5.0,425000.0,772500.0,1120000.0,260.0,1110.0,1441.0
50831,52000,Arrondissement de Charleroi,Arrondissement Charleroi,Bezirk Charleroi,TOTAL,407,84.0,80000.0,122000.0,195000.0,125.0,170.0,289.0
50832,52000,Arrondissement de Charleroi,Arrondissement Charleroi,Bezirk Charleroi,TOTAL,408,5.0,223500.0,223500.0,223500.0,894.0,1182.0,2120.0
50887,52000,Arrondissement de Charleroi,Arrondissement Charleroi,Bezirk Charleroi,TOTAL,520,6.0,15000.0,71000.0,280000.0,367.0,438.5,567.0
50906,52000,Arrondissement de Charleroi,Arrondissement Charleroi,Bezirk Charleroi,TOTAL,539,63.0,6750.0,75000.0,164000.0,18.0,44.0,205.0
50922,53000,Arrondissement de Mons,Arrondissement Bergen,Bezirk Mons,CESSION,1,6.0,1069.2,1069.2,1069.2,730.0,802.5,1593.0
50923,53000,Arrondissement de Mons,Arrondissement Bergen,Bezirk Mons,CESSION,2,6.0,7888.5,7888.5,7888.5,756.0,1014.5,5690.0
50925,53000,Arrondissement de Mons,Arrondissement Bergen,Bezirk Mons,CESSION,4,9.0,50.0,1161.25,2272.5,145.0,270.0,450.0
50991,53000,Arrondissement de Mons,Arrondissement Bergen,Bezirk Mons,CESSION,200,67.0,100000.0,135000.0,180000.0,210.0,332.0,620.0
50995,53000,Arrondissement de Mons,Arrondissement Bergen,Bezirk Mons,CESSION,204,9.0,8500.0,8500.0,8500.0,29.0,109.0,207.0
51415,53000,Arrondissement de Mons,Arrondissement Bergen,Bezirk Mons,DONATIMMEUB,2,25.0,2000.0,2000.0,2000.0,1850.0,4340.0,7300.0
51465,53000,Arrondissement de Mons,Arrondissement Bergen,Bezirk Mons,DONATIMMEUB,70,13.0,23056.535,112500.0,184635.0,424.0,891.0,1707.0
51483,53000,Arrondissement de Mons,Arrondissement Bergen,Bezirk Mons,DONATIMMEUB,200,49.0,60000.0,89900.0,140000.0,195.0,430.0,848.5
51661,53000,Arrondissement de Mons,Arrondissement Bergen,Bezirk Mons,OTHER,2,17.0,215000.0,215000.0,215000.0,950.0,3530.0,6224.0
51711,53000,Arrondissement de Mons,Arrondissement Bergen,Bezirk Mons,OTHER,70,17.0,3240.0,3240.0,3240.0,105.0,1100.0,1430.0
51729,53000,Arrondissement de Mons,Arrondissement Bergen,Bezirk Mons,OTHER,200,106.0,120000.0,150000.0,215000.0,220.0,630.5,1068.0
51815,53000,Arrondissement de Mons,Arrondissement Bergen,Bezirk Mons,OTHER,407,10.0,165000.0,165000.0,165000.0,87.0,262.5,811.0
51975,53000,Arrondissement de Mons,Arrondissement Bergen,Bezirk Mons,PARTAGE,200,31.0,96250.0,146250.0,199500.0,170.0,416.0,1045.0
52152,53000,Arrondissement de Mons,Arrondissement Bergen,Bezirk Mons,SUCCNALAT,1,121.0,1596.0,4305.1,9592.0,1910.0,3250.0,5790.0
52153,53000,Arrondissement de Mons,Arrondissement Bergen,Bezirk Mons,SUCCNALAT,2,110.0,1350.0,4248.0,11466.0,1340.0,2980.0,6680.0
52154,53000,Arrondissement de Mons,Arrondissement Bergen,Bezirk Mons,SUCCNALAT,3,13.0,1175.0,2630.0,6133.0,540.0,1550.0,4290.0
52155,53000,Arrondissement de Mons,Arrondissement Bergen,Bezirk Mons,SUCCNALAT,4,30.0,500.0,30000.0,46250.0,100.0,219.5,428.0
52160,53000,Arrondissement de Mons,Arrondissement Bergen,Bezirk Mons,SUCCNALAT,9,36.0,536.0,1000.0,2731.1,986.0,2455.0,4825.0
52161,53000,Arrondissement de Mons,Arrondissement Bergen,Bezirk Mons,SUCCNALAT,10,9.0,1678.95,65839.475,130000.0,750.0,1640.0,3250.0
52177,53000,Arrondissement de Mons,Arrondissement Bergen,Bezirk Mons,SUCCNALAT,33,11.0,39.0,76.0,104.0,48.0,145.0,285.0
52179,53000,Arrondissement de Mons,Arrondissement Bergen,Bezirk Mons,SUCCNALAT,35,11.0,1182.0,1543.0,2204.0,592.0,2564.0,3818.0
52196,53000,Arrondissement de Mons,Arrondissement Bergen,Bezirk Mons,SUCCNALAT,57,32.0,437.0,1157.0,2357.0,1310.5,3450.0,6490.0
52210,53000,Arrondissement de Mons,Arrondissement Bergen,Bezirk Mons,SUCCNALAT,77,11.0,8500.0,8500.0,8500.0,137.0,245.0,466.0
52221,53000,Arrondissement de Mons,Arrondissement Bergen,Bezirk Mons,SUCCNALAT,200,446.0,70000.0,100000.0,145000.0,185.0,325.0,675.0
52224,53000,Arrondissement de Mons,Arrondissement Bergen,Bezirk Mons,SUCCNALAT,203,6.0,4.0,7.0,10.0,26.0,29.5,175.0
52225,53000,Arrondissement de Mons,Arrondissement Bergen,Bezirk Mons,SUCCNALAT,204,56.0,5000.0,8000.0,19500.0,18.5,30.0,63.5
52307,53000,Arrondissement de Mons,Arrondissement Bergen,Bezirk Mons,SUCCNALAT,407,8.0,92500.0,120000.0,2395833.5,305.0,382.5,470.5
52398,53000,Arrondissement de Mons,Arrondissement Bergen,Bezirk Mons,VENTEIMMEUB,1,96.0,5000.0,10800.0,35000.0,978.0,2242.5,4985.0
52399,53000,Arrondissement de Mons,Arrondissement Bergen,Bezirk Mons,VENTEIMMEUB,2,48.0,32440.0,67815.0,139025.0,796.5,2160.0,5770.0
52401,53000,Arrondissement de Mons,Arrondissement Bergen,Bezirk Mons,VENTEIMMEUB,4,77.0,1800.0,6520.0,25500.0,110.0,276.0,520.0
52406,53000,Arrondissement de Mons,Arrondissement Bergen,Bezirk Mons,VENTEIMMEUB,9,6.0,7222.28,7222.28,7222.28,3050.0,3415.0,4300.0
52407,53000,Arrondissement de Mons,Arrondissement Bergen,Bezirk Mons,VENTEIMMEUB,10,12.0,18000.0,18000.0,18000.0,532.5,1130.5,2532.5
52423,53000,Arrondissement de Mons,Arrondissement Bergen,Bezirk Mons,VENTEIMMEUB,33,8.0,2500.0,3750.0,5000.0,194.5,625.5,832.0
52425,53000,Arrondissement de Mons,Arrondissement Bergen,Bezirk Mons,VENTEIMMEUB,35,15.0,39852.0,39852.0,39852.0,117.0,192.0,925.0
52449,53000,Arrondissement de Mons,Arrondissement Bergen,Bezirk Mons,VENTEIMMEUB,70,111.0,4825.0,75000.0,145000.0,45.0,237.0,903.0
52457,53000,Arrondissement de Mons,Arrondissement Bergen,Bezirk Mons,VENTEIMMEUB,78,22.0,50000.0,67100.0,80000.0,297.0,636.0,858.0
52467,53000,Arrondissement de Mons,Arrondissement Bergen,Bezirk Mons,VENTEIMMEUB,200,613.0,85000.0,125000.0,170000.0,160.0,300.0,544.0
52471,53000,Arrondissement de Mons,Arrondissement Bergen,Bezirk Mons,VENTEIMMEUB,204,76.0,7000.0,13500.0,25000.0,18.0,23.0,39.5
52478,53000,Arrondissement de Mons,Arrondissement Bergen,Bezirk Mons,VENTEIMMEUB,240,5.0,225000.0,317500.0,410000.0,1550.0,1805.0,2413.0
52534,53000,Arrondissement de Mons,Arrondissement Bergen,Bezirk Mons,VENTEIMMEUB,371,14.0,58500.0,115000.0,220000.0,202.0,386.5,1420.0
52553,53000,Arrondissement de Mons,Arrondissement Bergen,Bezirk Mons,VENTEIMMEUB,407,24.0,85000.0,140000.0,235000.0,104.0,189.0,283.5
52628,53000,Arrondissement de Mons,Arrondissement Bergen,Bezirk Mons,VENTEIMMEUB,539,32.0,7500.0,43630.0,100000.0,23.0,141.5,993.0
52713,53000,Arrondissement de Mons,Arrondissement Bergen,Bezirk Mons,VENTEPUBIMMEUB,200,25.0,35635.36,40227.915,56763.68,133.0,190.0,260.0
52890,53000,Arrondissement de Mons,Arrondissement Bergen,Bezirk Mons,TOTAL,1,279.0,1905.0,4710.45,11888.0,1508.0,3110.0,5920.0
52891,53000,Arrondissement de Mons,Arrondissement Bergen,Bezirk Mons,TOTAL,2,208.0,1363.905,4509.5,21239.25,1187.0,2980.0,6212.0
52892,53000,Arrondissement de Mons,Arrondissement Bergen,Bezirk Mons,TOTAL,3,22.0,1175.0,3100.0,6356.0,1084.0,3734.0,6040.0
52893,53000,Arrondissement de Mons,Arrondissement Bergen,Bezirk Mons,TOTAL,4,136.0,1600.0,8040.0,30000.0,119.5,273.0,510.0
52898,53000,Arrondissement de Mons,Arrondissement Bergen,Bezirk Mons,TOTAL,9,45.0,536.0,1030.0,4760.0,1400.0,2650.0,4760.0
52899,53000,Arrondissement de Mons,Arrondissement Bergen,Bezirk Mons,TOTAL,10,24.0,1678.95,18000.0,130000.0,687.0,1247.5,2905.0
52915,53000,Arrondissement de Mons,Arrondissement Bergen,Bezirk Mons,TOTAL,33,21.0,56.0,104.0,2500.0,59.0,285.0,780.0
52917,53000,Arrondissement de Mons,Arrondissement Bergen,Bezirk Mons,TOTAL,35,29.0,1182.0,1873.5,2640.0,134.0,744.0,3321.0
52934,53000,Arrondissement de Mons,Arrondissement Bergen,Bezirk Mons,TOTAL,57,32.0,437.0,1157.0,2357.0,1310.5,3450.0,6490.0
52941,53000,Arrondissement de Mons,Arrondissement Bergen,Bezirk Mons,TOTAL,70,169.0,4825.0,69750.0,145000.0,84.0,282.0,1106.0
52948,53000,Arrondissement de Mons,Arrondissement Bergen,Bezirk Mons,TOTAL,77,29.0,8500.0,8500.0,8500.0,157.0,225.0,468.0
52949,53000,Arrondissement de Mons,Arrondissement Bergen,Bezirk Mons,TOTAL,78,34.0,50000.0,71050.0,94150.0,420.0,809.0,1306.0
52959,53000,Arrondissement de Mons,Arrondissement Bergen,Bezirk Mons,TOTAL,200,1359.0,75000.0,115000.0,165000.0,174.0,320.5,665.0
52962,53000,Arrondissement de Mons,Arrondissement Bergen,Bezirk Mons,TOTAL,203,19.0,4.0,7.0,10.0,13.0,31.0,130.0
52963,53000,Arrondissement de Mons,Arrondissement Bergen,Bezirk Mons,TOTAL,204,158.0,5000.0,10000.0,25000.0,19.0,28.0,55.0
52968,53000,Arrondissement de Mons,Arrondissement Bergen,Bezirk Mons,TOTAL,222,8.0,207500.0,322500.0,660000.0,105.0,196.0,669.0
52970,53000,Arrondissement de Mons,Arrondissement Bergen,Bezirk Mons,TOTAL,240,10.0,100000.0,169117.5,225000.0,1550.0,2111.5,6100.0
52983,53000,Arrondissement de Mons,Arrondissement Bergen,Bezirk Mons,TOTAL,265,6.0,30000.0,270000.0,723000.0,200.0,517.0,2419.0
53025,53000,Arrondissement de Mons,Arrondissement Bergen,Bezirk Mons,TOTAL,370,5.0,100.0,4910.5,9721.0,260.0,515.0,551.0
53026,53000,Arrondissement de Mons,Arrondissement Bergen,Bezirk Mons,TOTAL,371,21.0,55000.0,100000.0,190000.0,200.0,295.0,821.0
53045,53000,Arrondissement de Mons,Arrondissement Bergen,Bezirk Mons,TOTAL,407,51.0,85000.0,140000.0,235000.0,111.0,250.0,425.0
53120,53000,Arrondissement de Mons,Arrondissement Bergen,Bezirk Mons,TOTAL,539,44.0,7500.0,42500.0,100000.0,45.5,328.0,1104.0
53205,54000,Arrondissement de Mouscron,Arrondissement Moeskroen,Bezirk Mouscron,CESSION,200,20.0,135000.0,170000.0,225000.0,180.0,447.0,651.0
53697,54000,Arrondissement de Mouscron,Arrondissement Moeskroen,Bezirk Mouscron,DONATIMMEUB,200,16.0,75000.0,85000.0,125000.0,186.5,303.0,693.0
53874,54000,Arrondissement de Mouscron,Arrondissement Moeskroen,Bezirk Mouscron,OTHER,1,5.0,25000.0,25000.0,25000.0,751.0,4595.0,4595.0
53943,54000,Arrondissement de Mouscron,Arrondissement Moeskroen,Bezirk Mouscron,OTHER,200,52.0,102500.0,154750.0,170000.0,190.0,281.5,561.0
53947,54000,Arrondissement de Mouscron,Arrondissement Moeskroen,Bezirk Mouscron,OTHER,204,8.0,7000.0,7000.0,7000.0,15.5,16.0,59.0
54189,54000,Arrondissement de Mouscron,Arrondissement Moeskroen,Bezirk Mouscron,PARTAGE,200,17.0,95000.0,121000.0,250000.0,185.0,288.0,541.0
54366,54000,Arrondissement de Mouscron,Arrondissement Moeskroen,Bezirk Mouscron,SUCCNALAT,1,17.0,4822.5,24710.0,75000.0,1971.0,4327.0,7335.0
54367,54000,Arrondissement de Mouscron,Arrondissement Moeskroen,Bezirk Mouscron,SUCCNALAT,2,6.0,6615.0,9730.0,12845.0,4627.0,6300.0,9690.0
54435,54000,Arrondissement de Mouscron,Arrondissement Moeskroen,Bezirk Mouscron,SUCCNALAT,200,86.0,80000.0,100000.0,155000.0,170.0,294.0,452.0
54439,54000,Arrondissement de Mouscron,Arrondissement Moeskroen,Bezirk Mouscron,SUCCNALAT,204,8.0,6250.0,7750.0,9000.0,20.0,31.0,56.5
54612,54000,Arrondissement de Mouscron,Arrondissement Moeskroen,Bezirk Mouscron,VENTEIMMEUB,1,10.0,9750.0,60250.0,145000.0,602.0,2745.5,7400.0
54615,54000,Arrondissement de Mouscron,Arrondissement Moeskroen,Bezirk Mouscron,VENTEIMMEUB,4,10.0,5219.01,5219.01,5219.01,176.0,332.0,681.0
54663,54000,Arrondissement de Mouscron,Arrondissement Moeskroen,Bezirk Mouscron,VENTEIMMEUB,70,34.0,55000.0,80500.0,175250.0,208.0,445.5,909.0
54671,54000,Arrondissement de Mouscron,Arrondissement Moeskroen,Bezirk Mouscron,VENTEIMMEUB,78,22.0,150000.0,195590.0,206000.0,203.0,272.5,391.0
54681,54000,Arrondissement de Mouscron,Arrondissement Moeskroen,Bezirk Mouscron,VENTEIMMEUB,200,226.0,110000.0,150000.0,192500.0,160.0,238.5,459.0
54685,54000,Arrondissement de Mouscron,Arrondissement Moeskroen,Bezirk Mouscron,VENTEIMMEUB,204,17.0,8000.0,9000.0,101000.0,21.0,37.0,156.0
54748,54000,Arrondissement de Mouscron,Arrondissement Moeskroen,Bezirk Mouscron,VENTEIMMEUB,371,6.0,2010500.0,2010500.0,2010500.0,120.0,440.0,5082.0
54767,54000,Arrondissement de Mouscron,Arrondissement Moeskroen,Bezirk Mouscron,VENTEIMMEUB,407,19.0,85000.0,122500.0,140000.0,180.0,286.0,483.0
54842,54000,Arrondissement de Mouscron,Arrondissement Moeskroen,Bezirk Mouscron,VENTEIMMEUB,539,15.0,14121.0,104522.25,167504.0,15.0,464.5,1444.0
55104,54000,Arrondissement de Mouscron,Arrondissement Moeskroen,Bezirk Mouscron,TOTAL,1,45.0,9000.0,25000.0,100000.0,1814.0,4595.0,7490.0
55105,54000,Arrondissement de Mouscron,Arrondissement Moeskroen,Bezirk Mouscron,TOTAL,2,11.0,6615.0,12845.0,210000.0,2860.0,5260.0,9690.0
55107,54000,Arrondissement de Mouscron,Arrondissement Moeskroen,Bezirk Mouscron,TOTAL,4,22.0,5219.01,5219.01,5219.01,261.0,384.0,615.0
55155,54000,Arrondissement de Mouscron,Arrondissement Moeskroen,Bezirk Mouscron,TOTAL,70,44.0,55000.0,80500.0,185000.0,240.0,538.0,1061.0
55163,54000,Arrondissement de Mouscron,Arrondissement Moeskroen,Bezirk Mouscron,TOTAL,78,28.0,150000.0,192000.0,206000.0,203.0,274.0,391.0
55173,54000,Arrondissement de Mouscron,Arrondissement Moeskroen,Bezirk Mouscron,TOTAL,200,433.0,98500.0,141500.0,185000.0,170.0,265.0,480.0
55177,54000,Arrondissement de Mouscron,Arrondissement Moeskroen,Bezirk Mouscron,TOTAL,204,39.0,7500.0,8000.0,10000.0,17.0,25.0,73.0
55240,54000,Arrondissement de Mouscron,Arrondissement Moeskroen,Bezirk Mouscron,TOTAL,371,9.0,2010500.0,2010500.0,2010500.0,120.0,348.0,1469.0
55259,54000,Arrondissement de Mouscron,Arrondissement Moeskroen,Bezirk Mouscron,TOTAL,407,30.0,100000.0,127375.0,230000.0,143.0,208.0,440.0
55334,54000,Arrondissement de Mouscron,Arrondissement Moeskroen,Bezirk Mouscron,TOTAL,539,16.0,10121.0,90544.5,167504.0,15.0,419.0,1444.0
55419,55000,Arrondissement de Soignies,Arrondissement Zinnik,Bezirk Soignies,CESSION,200,49.0,120000.0,165000.0,200000.0,192.5,405.0,921.5
55843,55000,Arrondissement de Soignies,Arrondissement Zinnik,Bezirk Soignies,DONATIMMEUB,2,51.0,1000.0,55500.0,110000.0,1866.0,4084.0,8980.0
55911,55000,Arrondissement de Soignies,Arrondissement Zinnik,Bezirk Soignies,DONATIMMEUB,200,43.0,97500.0,155000.0,210000.0,180.0,420.0,1106.0
56157,55000,Arrondissement de Soignies,Arrondissement Zinnik,Bezirk Soignies,OTHER,200,101.0,125000.0,162500.0,225000.0,260.0,462.0,950.0
56403,55000,Arrondissement de Soignies,Arrondissement Zinnik,Bezirk Soignies,PARTAGE,200,22.0,150000.0,220500.0,250000.0,230.0,604.0,1196.0
56580,55000,Arrondissement de Soignies,Arrondissement Zinnik,Bezirk Soignies,SUCCNALAT,1,182.0,4036.0,9040.0,16020.0,2270.0,4250.0,7700.0
56581,55000,Arrondissement de Soignies,Arrondissement Zinnik,Bezirk Soignies,SUCCNALAT,2,134.0,6226.0,18060.0,153750.0,1900.0,3666.0,7340.0
56582,55000,Arrondissement de Soignies,Arrondissement Zinnik,Bezirk Soignies,SUCCNALAT,3,27.0,4650.0,10488.0,13770.0,1860.0,3890.0,5450.0
56583,55000,Arrondissement de Soignies,Arrondissement Zinnik,Bezirk Soignies,SUCCNALAT,4,17.0,6500.0,12720.0,35000.0,320.0,410.0,578.0
56588,55000,Arrondissement de Soignies,Arrondissement Zinnik,Bezirk Soignies,SUCCNALAT,9,5.0,1130.0,4400.0,499868.0,950.0,2200.0,2260.0
56605,55000,Arrondissement de Soignies,Arrondissement Zinnik,Bezirk Soignies,SUCCNALAT,33,12.0,80.0,91.0,1040.0,49.5,182.5,540.0
56631,55000,Arrondissement de Soignies,Arrondissement Zinnik,Bezirk Soignies,SUCCNALAT,70,9.0,806.0,10000.0,90000.0,240.0,523.0,1296.0
56649,55000,Arrondissement de Soignies,Arrondissement Zinnik,Bezirk Soignies,SUCCNALAT,200,298.0,90000.0,135000.0,180000.0,190.0,381.5,820.0
56653,55000,Arrondissement de Soignies,Arrondissement Zinnik,Bezirk Soignies,SUCCNALAT,204,23.0,8000.0,9000.0,15000.0,19.0,30.0,70.0
56660,55000,Arrondissement de Soignies,Arrondissement Zinnik,Bezirk Soignies,SUCCNALAT,240,6.0,145000.0,155000.0,245000.0,1188.0,1819.5,3020.0
56735,55000,Arrondissement de Soignies,Arrondissement Zinnik,Bezirk Soignies,SUCCNALAT,407,11.0,100000.0,127500.0,190000.0,127.0,150.0,350.0
56826,55000,Arrondissement de Soignies,Arrondissement Zinnik,Bezirk Soignies,VENTEIMMEUB,1,62.0,7500.0,19818.0,47635.0,2130.0,4584.5,8050.0
56827,55000,Arrondissement de Soignies,Arrondissement Zinnik,Bezirk Soignies,VENTEIMMEUB,2,73.0,10280.0,57736.86,115000.0,2074.0,4010.0,6426.0
56829,55000,Arrondissement de Soignies,Arrondissement Zinnik,Bezirk Soignies,VENTEIMMEUB,4,30.0,3368.0,12670.0,44000.0,260.0,351.0,613.0
56834,55000,Arrondissement de Soignies,Arrondissement Zinnik,Bezirk Soignies,VENTEIMMEUB,9,6.0,3200.0,6600.0,10000.0,1290.0,4324.0,6330.0
56877,55000,Arrondissement de Soignies,Arrondissement Zinnik,Bezirk Soignies,VENTEIMMEUB,70,73.0,7777.5,21131.6,75000.0,4.0,270.0,1006.0
56885,55000,Arrondissement de Soignies,Arrondissement Zinnik,Bezirk Soignies,VENTEIMMEUB,78,42.0,67000.0,130000.0,165000.0,357.0,519.5,930.0
56895,55000,Arrondissement de Soignies,Arrondissement Zinnik,Bezirk Soignies,VENTEIMMEUB,200,421.0,105000.0,155000.0,237500.0,160.0,310.0,847.5
56899,55000,Arrondissement de Soignies,Arrondissement Zinnik,Bezirk Soignies,VENTEIMMEUB,204,50.0,10000.0,15000.0,37000.0,19.0,31.5,98.0
56962,55000,Arrondissement de Soignies,Arrondissement Zinnik,Bezirk Soignies,VENTEIMMEUB,371,8.0,80500.0,220000.0,394000.0,180.0,430.5,1408.0
56981,55000,Arrondissement de Soignies,Arrondissement Zinnik,Bezirk Soignies,VENTEIMMEUB,407,20.0,75000.0,122000.0,160000.0,133.5,212.5,330.0
57056,55000,Arrondissement de Soignies,Arrondissement Zinnik,Bezirk Soignies,VENTEIMMEUB,539,23.0,21000.0,121028.5,480000.0,22.0,90.0,696.0
57141,55000,Arrondissement de Soignies,Arrondissement Zinnik,Bezirk Soignies,VENTEPUBIMMEUB,200,5.0,89000.0,166287.96,166287.96,250.0,274.0,1012.0
57318,55000,Arrondissement de Soignies,Arrondissement Zinnik,Bezirk Soignies,TOTAL,1,387.0,4540.0,9452.0,16950.0,2623.0,5200.0,9130.0
57319,55000,Arrondissement de Soignies,Arrondissement Zinnik,Bezirk Soignies,TOTAL,2,282.0,6226.0,25540.0,135750.0,1920.0,3925.0,7575.0
57320,55000,Arrondissement de Soignies,Arrondissement Zinnik,Bezirk Soignies,TOTAL,3,49.0,4650.0,10488.0,13770.0,1550.0,3600.0,5450.0
57321,55000,Arrondissement de Soignies,Arrondissement Zinnik,Bezirk Soignies,TOTAL,4,76.0,3684.0,12695.0,42000.0,147.0,322.5,551.5
57326,55000,Arrondissement de Soignies,Arrondissement Zinnik,Bezirk Soignies,TOTAL,9,15.0,3006.0,3800.0,10000.0,1290.0,4324.0,6330.0
57327,55000,Arrondissement de Soignies,Arrondissement Zinnik,Bezirk Soignies,TOTAL,10,13.0,4922.0,10040.0,12416.0,800.0,1980.0,3487.0
57343,55000,Arrondissement de Soignies,Arrondissement Zinnik,Bezirk Soignies,TOTAL,33,26.0,80.0,91.0,1040.0,120.0,357.5,856.0
57369,55000,Arrondissement de Soignies,Arrondissement Zinnik,Bezirk Soignies,TOTAL,70,119.0,7777.5,18675.12,75000.0,96.0,391.0,1392.0
57377,55000,Arrondissement de Soignies,Arrondissement Zinnik,Bezirk Soignies,TOTAL,78,54.0,67000.0,110000.0,160000.0,374.0,591.5,1000.0
57387,55000,Arrondissement de Soignies,Arrondissement Zinnik,Bezirk Soignies,TOTAL,200,955.0,100000.0,150000.0,215000.0,180.0,367.5,882.5
57391,55000,Arrondissement de Soignies,Arrondissement Zinnik,Bezirk Soignies,TOTAL,204,84.0,8000.0,12500.0,18750.0,18.0,31.0,98.0
57398,55000,Arrondissement de Soignies,Arrondissement Zinnik,Bezirk Soignies,TOTAL,240,12.0,145000.0,155000.0,245000.0,1124.0,1771.0,3332.5
57405,55000,Arrondissement de Soignies,Arrondissement Zinnik,Bezirk Soignies,TOTAL,247,14.0,7000.0,7000.0,7000.0,150.0,290.0,600.0
57454,55000,Arrondissement de Soignies,Arrondissement Zinnik,Bezirk Soignies,TOTAL,371,13.0,65000.0,130250.0,220000.0,240.0,374.0,797.0
57473,55000,Arrondissement de Soignies,Arrondissement Zinnik,Bezirk Soignies,TOTAL,407,40.0,90000.0,139000.0,190000.0,127.5,195.0,378.5
57548,55000,Arrondissement de Soignies,Arrondissement Zinnik,Bezirk Soignies,TOTAL,539,30.0,21000.0,121028.5,480000.0,23.0,198.5,1579.0
57615,56000,Arrondissement de Thuin,Arrondissement Thuin,Bezirk Thuin,CESSION,70,5.0,4220.0,39970.0,107000.0,297.0,478.0,740.0
57633,56000,Arrondissement de Thuin,Arrondissement Thuin,Bezirk Thuin,CESSION,200,55.0,59850.0,157500.0,196000.0,423.0,881.0,1302.0
58056,56000,Arrondissement de Thuin,Arrondissement Thuin,Bezirk Thuin,DONATIMMEUB,1,32.0,13400.0,67450.0,121500.0,2970.0,5210.0,12195.0
58057,56000,Arrondissement de Thuin,Arrondissement Thuin,Bezirk Thuin,DONATIMMEUB,2,116.0,50000.0,50000.0,50000.0,2760.0,4440.0,8530.0
58125,56000,Arrondissement de Thuin,Arrondissement Thuin,Bezirk Thuin,DONATIMMEUB,200,20.0,100000.0,125000.0,160000.0,290.0,767.5,1364.0
58303,56000,Arrondissement de Thuin,Arrondissement Thuin,Bezirk Thuin,OTHER,2,18.0,80000.0,80000.0,80000.0,840.0,2350.0,8650.0
58353,56000,Arrondissement de Thuin,Arrondissement Thuin,Bezirk Thuin,OTHER,70,17.0,7500.0,50000.0,95131.15,285.0,350.0,997.0
58371,56000,Arrondissement de Thuin,Arrondissement Thuin,Bezirk Thuin,OTHER,200,65.0,95000.0,130000.0,200000.0,273.0,694.0,1023.0
58617,56000,Arrondissement de Thuin,Arrondissement Thuin,Bezirk Thuin,PARTAGE,200,30.0,120000.0,175000.0,205000.0,375.0,860.0,1207.0
58794,56000,Arrondissement de Thuin,Arrondissement Thuin,Bezirk Thuin,SUCCNALAT,1,135.0,2670.0,8830.0,34028.0,1610.0,2880.0,5468.0
58795,56000,Arrondissement de Thuin,Arrondissement Thuin,Bezirk Thuin,SUCCNALAT,2,161.0,1272.0,12820.0,40000.0,920.0,2000.0,6000.0
58796,56000,Arrondissement de Thuin,Arrondissement Thuin,Bezirk Thuin,SUCCNALAT,3,25.0,1000.0,5148.0,16410.0,1490.0,2330.0,4290.0
58797,56000,Arrondissement de Thuin,Arrondissement Thuin,Bezirk Thuin,SUCCNALAT,4,31.0,2500.0,3500.0,7500.0,140.0,320.0,516.0
58802,56000,Arrondissement de Thuin,Arrondissement Thuin,Bezirk Thuin,SUCCNALAT,9,20.0,2540.0,7682.0,10682.5,1752.5,2494.5,8008.0
58819,56000,Arrondissement de Thuin,Arrondissement Thuin,Bezirk Thuin,SUCCNALAT,33,8.0,33.0,1516.5,3000.0,250.0,398.5,633.0
58821,56000,Arrondissement de Thuin,Arrondissement Thuin,Bezirk Thuin,SUCCNALAT,35,8.0,20.0,238.0,456.0,316.5,1366.0,3482.0
58845,56000,Arrondissement de Thuin,Arrondissement Thuin,Bezirk Thuin,SUCCNALAT,70,9.0,500.0,5000.0,5115.0,219.0,341.0,994.0
58863,56000,Arrondissement de Thuin,Arrondissement Thuin,Bezirk Thuin,SUCCNALAT,200,268.0,85000.0,120000.0,165000.0,236.5,437.5,927.5
58867,56000,Arrondissement de Thuin,Arrondissement Thuin,Bezirk Thuin,SUCCNALAT,204,26.0,6000.0,7000.0,16000.0,20.0,27.0,53.0
58874,56000,Arrondissement de Thuin,Arrondissement Thuin,Bezirk Thuin,SUCCNALAT,240,8.0,87999.0,132500.0,222500.0,800.0,1830.0,3144.0
58949,56000,Arrondissement de Thuin,Arrondissement Thuin,Bezirk Thuin,SUCCNALAT,407,7.0,110000.0,110000.0,120000.0,67.0,299.0,400.0
58997,56000,Arrondissement de Thuin,Arrondissement Thuin,Bezirk Thuin,SUCCNALAT,503,10.0,5000.0,6250.0,11500.0,200.0,261.0,345.0
59040,56000,Arrondissement de Thuin,Arrondissement Thuin,Bezirk Thuin,VENTEIMMEUB,1,79.0,4061.75,22000.0,40250.0,2481.0,4200.0,7530.0
59041,56000,Arrondissement de Thuin,Arrondissement Thuin,Bezirk Thuin,VENTEIMMEUB,2,129.0,6000.0,16000.0,38776.0,1946.0,4000.0,8660.0
59042,56000,Arrondissement de Thuin,Arrondissement Thuin,Bezirk Thuin,VENTEIMMEUB,3,11.0,48000.0,48000.0,48000.0,625.0,2150.0,4820.0
59043,56000,Arrondissement de Thuin,Arrondissement Thuin,Bezirk Thuin,VENTEIMMEUB,4,38.0,3000.0,11768.0,53250.0,213.0,377.5,670.0
59048,56000,Arrondissement de Thuin,Arrondissement Thuin,Bezirk Thuin,VENTEIMMEUB,9,33.0,1000.0,1400.0,3750.0,2422.0,6640.0,26700.0
59067,56000,Arrondissement de Thuin,Arrondissement Thuin,Bezirk Thuin,VENTEIMMEUB,35,7.0,4200.0,4200.0,4200.0,38.0,4930.0,9040.0
59091,56000,Arrondissement de Thuin,Arrondissement Thuin,Bezirk Thuin,VENTEIMMEUB,70,66.0,21750.0,62500.0,105000.0,375.0,1034.0,2068.0
59099,56000,Arrondissement de Thuin,Arrondissement Thuin,Bezirk Thuin,VENTEIMMEUB,78,21.0,41000.0,50000.0,95000.0,306.0,928.0,1269.0
59109,56000,Arrondissement de Thuin,Arrondissement Thuin,Bezirk Thuin,VENTEIMMEUB,200,352.0,90000.0,136500.0,193000.0,220.0,460.0,870.0
59113,56000,Arrondissement de Thuin,Arrondissement Thuin,Bezirk Thuin,VENTEIMMEUB,204,19.0,4000.0,9000.0,20000.0,18.0,26.0,61.0
59195,56000,Arrondissement de Thuin,Arrondissement Thuin,Bezirk Thuin,VENTEIMMEUB,407,12.0,150000.0,175000.0,230000.0,185.0,400.0,530.0
59243,56000,Arrondissement de Thuin,Arrondissement Thuin,Bezirk Thuin,VENTEIMMEUB,503,17.0,10000.0,15000.0,50000.0,225.0,301.0,380.0
59270,56000,Arrondissement de Thuin,Arrondissement Thuin,Bezirk Thuin,VENTEIMMEUB,539,9.0,12500.0,42500.0,70000.0,72.0,238.0,647.0
59355,56000,Arrondissement de Thuin,Arrondissement Thuin,Bezirk Thuin,VENTEPUBIMMEUB,200,6.0,34000.0,34467.1,46971.96,185.0,255.0,820.0
59532,56000,Arrondissement de Thuin,Arrondissement Thuin,Bezirk Thuin,TOTAL,1,330.0,3000.0,10692.5,38500.0,1820.0,3340.0,7200.0
59533,56000,Arrondissement de Thuin,Arrondissement Thuin,Bezirk Thuin,TOTAL,2,474.0,1600.0,14500.0,47355.0,1575.0,3530.0,7830.0
59534,56000,Arrondissement de Thuin,Arrondissement Thuin,Bezirk Thuin,TOTAL,3,47.0,2165.0,6939.0,19976.0,810.0,2420.0,4290.0
59535,56000,Arrondissement de Thuin,Arrondissement Thuin,Bezirk Thuin,TOTAL,4,84.0,3000.0,7500.0,25000.0,212.5,372.5,590.5
59540,56000,Arrondissement de Thuin,Arrondissement Thuin,Bezirk Thuin,TOTAL,9,61.0,1150.0,3750.0,7682.0,2000.0,3200.0,10550.0
59548,56000,Arrondissement de Thuin,Arrondissement Thuin,Bezirk Thuin,TOTAL,21,5.0,3500.0,4500.0,7950.0,214.0,240.0,250.0
59557,56000,Arrondissement de Thuin,Arrondissement Thuin,Bezirk Thuin,TOTAL,33,22.0,33.0,1516.5,3000.0,87.0,330.0,681.0
59559,56000,Arrondissement de Thuin,Arrondissement Thuin,Bezirk Thuin,TOTAL,35,38.0,20.0,456.0,4200.0,600.0,1951.0,4865.0
59580,56000,Arrondissement de Thuin,Arrondissement Thuin,Bezirk Thuin,TOTAL,67,8.0,5000.0,8500.0,18500.0,82.5,221.5,388.0
59583,56000,Arrondissement de Thuin,Arrondissement Thuin,Bezirk Thuin,TOTAL,70,106.0,8780.0,50000.0,102500.0,285.0,750.5,1512.0
59591,56000,Arrondissement de Thuin,Arrondissement Thuin,Bezirk Thuin,TOTAL,78,29.0,43000.0,68750.0,95000.0,306.0,928.0,1218.0
59601,56000,Arrondissement de Thuin,Arrondissement Thuin,Bezirk Thuin,TOTAL,200,813.0,85000.0,130000.0,181000.0,240.0,536.0,1000.0
59605,56000,Arrondissement de Thuin,Arrondissement Thuin,Bezirk Thuin,TOTAL,204,53.0,6000.0,8250.0,21500.0,20.0,27.0,53.0
59612,56000,Arrondissement de Thuin,Arrondissement Thuin,Bezirk Thuin,TOTAL,240,16.0,115000.0,150000.0,190000.0,800.0,2000.0,2780.0
59687,56000,Arrondissement de Thuin,Arrondissement Thuin,Bezirk Thuin,TOTAL,407,27.0,105000.0,150000.0,180000.0,130.0,340.0,570.0
59735,56000,Arrondissement de Thuin,Arrondissement Thuin,Bezirk Thuin,TOTAL,503,31.0,6000.0,10000.0,20000.0,200.0,252.0,366.0
59762,56000,Arrondissement de Thuin,Arrondissement Thuin,Bezirk Thuin,TOTAL,539,12.0,42500.0,50000.0,70000.0,72.0,293.0,786.0
59847,57000,Arrondissement de Tournai,Arrondissement Doornik,Bezirk Tournai,CESSION,200,35.0,105000.0,160000.0,225000.0,261.0,357.0,852.0
60270,57000,Arrondissement de Tournai,Arrondissement Doornik,Bezirk Tournai,DONATIMMEUB,1,24.0,10118.5,10272.0,35261.0,2647.0,3635.0,6045.0
60271,57000,Arrondissement de Tournai,Arrondissement Doornik,Bezirk Tournai,DONATIMMEUB,2,8.0,1508.0,1508.0,1508.0,1062.0,2458.5,6440.0
60321,57000,Arrondissement de Tournai,Arrondissement Doornik,Bezirk Tournai,DONATIMMEUB,70,5.0,1000.0,9930.0,41680.0,463.0,494.0,1028.0
60339,57000,Arrondissement de Tournai,Arrondissement Doornik,Bezirk Tournai,DONATIMMEUB,200,32.0,110000.0,175000.0,230000.0,315.0,790.0,1467.5
60516,57000,Arrondissement de Tournai,Arrondissement Doornik,Bezirk Tournai,OTHER,1,15.0,22000.0,22000.0,22000.0,2159.0,3170.0,7750.0
60567,57000,Arrondissement de Tournai,Arrondissement Doornik,Bezirk Tournai,OTHER,70,14.0,90000.0,90000.0,90000.0,87.0,588.5,928.0
60585,57000,Arrondissement de Tournai,Arrondissement Doornik,Bezirk Tournai,OTHER,200,83.0,120000.0,170000.0,210000.0,348.0,550.0,1155.0
60672,57000,Arrondissement de Tournai,Arrondissement Doornik,Bezirk Tournai,OTHER,408,8.0,1570871.4,1570871.4,1570871.4,976.5,1325.0,5285.0
60831,57000,Arrondissement de Tournai,Arrondissement Doornik,Bezirk Tournai,PARTAGE,200,40.0,120000.0,150000.0,250000.0,209.5,634.5,1292.5
61008,57000,Arrondissement de Tournai,Arrondissement Doornik,Bezirk Tournai,SUCCNALAT,1,247.0,1754.16,5000.0,16875.0,1420.0,3550.0,8810.0
61009,57000,Arrondissement de Tournai,Arrondissement Doornik,Bezirk Tournai,SUCCNALAT,2,115.0,1300.0,3565.0,11041.25,1760.0,4250.0,8850.0
61010,57000,Arrondissement de Tournai,Arrondissement Doornik,Bezirk Tournai,SUCCNALAT,3,13.0,287.42,920.0,1603.0,1500.0,1845.0,5800.0
61011,57000,Arrondissement de Tournai,Arrondissement Doornik,Bezirk Tournai,SUCCNALAT,4,20.0,196.0,600.0,46875.0,336.0,530.0,660.0
61016,57000,Arrondissement de Tournai,Arrondissement Doornik,Bezirk Tournai,SUCCNALAT,9,24.0,500.0,1265.0,10000.0,1255.0,3379.5,5700.0
61077,57000,Arrondissement de Tournai,Arrondissement Doornik,Bezirk Tournai,SUCCNALAT,200,200.0,90000.0,125000.0,175000.0,277.0,555.0,968.0
61081,57000,Arrondissement de Tournai,Arrondissement Doornik,Bezirk Tournai,SUCCNALAT,204,9.0,8000.0,25000.0,25000.0,19.0,30.0,139.0
61088,57000,Arrondissement de Tournai,Arrondissement Doornik,Bezirk Tournai,SUCCNALAT,240,7.0,150000.0,150000.0,160000.0,1670.0,3267.0,3340.0
61095,57000,Arrondissement de Tournai,Arrondissement Doornik,Bezirk Tournai,SUCCNALAT,247,7.0,50.0,300.0,18750.0,25.0,119.5,306.0
61163,57000,Arrondissement de Tournai,Arrondissement Doornik,Bezirk Tournai,SUCCNALAT,407,7.0,100000.0,107500.0,150000.0,90.0,280.0,740.0
61254,57000,Arrondissement de Tournai,Arrondissement Doornik,Bezirk Tournai,VENTEIMMEUB,1,54.0,4000.0,19280.0,75000.0,1700.0,2457.0,4400.0
61255,57000,Arrondissement de Tournai,Arrondissement Doornik,Bezirk Tournai,VENTEIMMEUB,2,29.0,26980.0,56980.0,84000.0,768.0,2822.0,6363.0
61256,57000,Arrondissement de Tournai,Arrondissement Doornik,Bezirk Tournai,VENTEIMMEUB,3,7.0,810.0,2405.0,4000.0,1015.0,1350.0,3088.0
61257,57000,Arrondissement de Tournai,Arrondissement Doornik,Bezirk Tournai,VENTEIMMEUB,4,33.0,15000.0,15000.0,30000.0,330.0,610.0,830.0
61262,57000,Arrondissement de Tournai,Arrondissement Doornik,Bezirk Tournai,VENTEIMMEUB,9,8.0,2500.0,4000.0,10000.0,820.0,1230.0,3549.5
61305,57000,Arrondissement de Tournai,Arrondissement Doornik,Bezirk Tournai,VENTEIMMEUB,70,68.0,9450.0,59700.0,97772.25,198.5,607.5,1492.0
61313,57000,Arrondissement de Tournai,Arrondissement Doornik,Bezirk Tournai,VENTEIMMEUB,78,21.0,92500.0,117837.59,160000.0,403.0,631.0,1091.0
61323,57000,Arrondissement de Tournai,Arrondissement Doornik,Bezirk Tournai,VENTEIMMEUB,200,381.0,115000.0,160000.0,220000.0,180.0,394.0,800.0
61327,57000,Arrondissement de Tournai,Arrondissement Doornik,Bezirk Tournai,VENTEIMMEUB,204,18.0,15000.0,25500.0,40000.0,25.0,45.0,189.0
61334,57000,Arrondissement de Tournai,Arrondissement Doornik,Bezirk Tournai,VENTEIMMEUB,240,8.0,30000.0,52500.0,75000.0,1056.0,1710.0,2392.5
61341,57000,Arrondissement de Tournai,Arrondissement Doornik,Bezirk Tournai,VENTEIMMEUB,247,7.0,10000.0,33630.0,40000.0,487.0,1148.0,2198.0
61409,57000,Arrondissement de Tournai,Arrondissement Doornik,Bezirk Tournai,VENTEIMMEUB,407,9.0,161000.0,195000.0,270000.0,129.0,160.0,732.0
61484,57000,Arrondissement de Tournai,Arrondissement Doornik,Bezirk Tournai,VENTEIMMEUB,539,6.0,60000.0,205314.6,350629.2,523.0,664.5,849.0
61569,57000,Arrondissement de Tournai,Arrondissement Doornik,Bezirk Tournai,VENTEPUBIMMEUB,200,9.0,59201.11,72971.16,116911.46,130.0,160.0,385.0
61746,57000,Arrondissement de Tournai,Arrondissement Doornik,Bezirk Tournai,TOTAL,1,350.0,2110.0,6000.0,21091.66,1610.0,3262.5,7830.0
61747,57000,Arrondissement de Tournai,Arrondissement Doornik,Bezirk Tournai,TOTAL,2,158.0,1460.0,4067.5,18312.0,1500.0,3595.0,7720.0
61748,57000,Arrondissement de Tournai,Arrondissement Doornik,Bezirk Tournai,TOTAL,3,22.0,560.0,985.0,1970.0,1264.0,1845.0,5480.0
61749,57000,Arrondissement de Tournai,Arrondissement Doornik,Bezirk Tournai,TOTAL,4,75.0,400.0,11500.0,38437.5,308.0,500.0,680.0
61754,57000,Arrondissement de Tournai,Arrondissement Doornik,Bezirk Tournai,TOTAL,9,33.0,730.0,2500.0,10000.0,1200.0,2990.0,5320.0
61755,57000,Arrondissement de Tournai,Arrondissement Doornik,Bezirk Tournai,TOTAL,10,5.0,15840.0,15840.0,15840.0,690.0,720.0,1640.0
61773,57000,Arrondissement de Tournai,Arrondissement Doornik,Bezirk Tournai,TOTAL,35,7.0,532.0,5000.0,30740.0,266.0,3838.0,11139.0
61797,57000,Arrondissement de Tournai,Arrondissement Doornik,Bezirk Tournai,TOTAL,70,98.0,8450.0,59700.0,90000.0,257.0,636.5,1441.0
61805,57000,Arrondissement de Tournai,Arrondissement Doornik,Bezirk Tournai,TOTAL,78,34.0,92500.0,117837.59,160000.0,403.0,620.0,1193.0
61815,57000,Arrondissement de Tournai,Arrondissement Doornik,Bezirk Tournai,TOTAL,200,801.0,105000.0,150000.0,202000.0,230.0,472.0,953.0
61819,57000,Arrondissement de Tournai,Arrondissement Doornik,Bezirk Tournai,TOTAL,204,40.0,15000.0,25000.0,30000.0,19.0,30.0,161.0
61826,57000,Arrondissement de Tournai,Arrondissement Doornik,Bezirk Tournai,TOTAL,240,19.0,100480.0,150000.0,167500.0,949.0,1820.0,3267.0
61833,57000,Arrondissement de Tournai,Arrondissement Doornik,Bezirk Tournai,TOTAL,247,27.0,300.0,18750.0,33630.0,177.0,487.0,1490.0
61880,57000,Arrondissement de Tournai,Arrondissement Doornik,Bezirk Tournai,TOTAL,357,6.0,700000.0,700000.0,700000.0,2071.0,2649.0,9815.0
61901,57000,Arrondissement de Tournai,Arrondissement Doornik,Bezirk Tournai,TOTAL,407,22.0,115000.0,161000.0,197500.0,90.0,250.0,740.0
61902,57000,Arrondissement de Tournai,Arrondissement Doornik,Bezirk Tournai,TOTAL,408,8.0,1570871.4,1570871.4,1570871.4,976.5,1325.0,5285.0
61976,57000,Arrondissement de Tournai,Arrondissement Doornik,Bezirk Tournai,TOTAL,539,9.0,20000.0,60000.0,350629.2,523.0,707.0,849.0
61993,61000,Arrondissement de Huy,Arrondissement Hoei,Bezirk Huy,CESSION,2,55.0,70000.0,70000.0,70000.0,1434.0,3390.0,10574.0
61995,61000,Arrondissement de Huy,Arrondissement Hoei,Bezirk Huy,CESSION,4,11.0,1500.0,1500.0,1500.0,432.0,602.0,1053.0
62019,61000,Arrondissement de Huy,Arrondissement Hoei,Bezirk Huy,CESSION,35,7.0,65000.0,65000.0,65000.0,256.0,2380.0,5410.0
62051,61000,Arrondissement de Huy,Arrondissement Hoei,Bezirk Huy,CESSION,78,6.0,59500.0,62500.0,107500.0,859.0,919.0,946.0
62061,61000,Arrondissement de Huy,Arrondissement Hoei,Bezirk Huy,CESSION,200,64.0,140000.0,189500.0,230000.0,163.0,687.0,1314.0
62484,61000,Arrondissement de Huy,Arrondissement Hoei,Bezirk Huy,DONATIMMEUB,1,46.0,65000.0,65000.0,65000.0,3210.0,10450.0,23535.0
62493,61000,Arrondissement de Huy,Arrondissement Hoei,Bezirk Huy,DONATIMMEUB,10,5.0,28000.0,28000.0,28000.0,1580.0,2432.0,5773.0
62535,61000,Arrondissement de Huy,Arrondissement Hoei,Bezirk Huy,DONATIMMEUB,70,13.0,10833.34,20000.0,40000.0,625.0,1500.0,3583.0
62543,61000,Arrondissement de Huy,Arrondissement Hoei,Bezirk Huy,DONATIMMEUB,78,5.0,22500.0,22500.0,22500.0,974.0,1153.0,1866.0
62553,61000,Arrondissement de Huy,Arrondissement Hoei,Bezirk Huy,DONATIMMEUB,200,25.0,92500.0,112500.0,150000.0,320.0,910.0,1646.0
62757,61000,Arrondissement de Huy,Arrondissement Hoei,Bezirk Huy,OTHER,35,11.0,50.0,50.0,50.0,648.0,2056.0,4888.0
62799,61000,Arrondissement de Huy,Arrondissement Hoei,Bezirk Huy,OTHER,200,18.0,89704.4,225000.0,260000.0,229.0,539.0,810.0
62978,61000,Arrondissement de Huy,Arrondissement Hoei,Bezirk Huy,PARTAGE,3,19.0,72000.0,72000.0,72000.0,1260.0,3502.0,9322.0
63045,61000,Arrondissement de Huy,Arrondissement Hoei,Bezirk Huy,PARTAGE,200,21.0,49766.67,185000.0,255000.0,470.0,1045.0,1506.0
63222,61000,Arrondissement de Huy,Arrondissement Hoei,Bezirk Huy,SUCCNALAT,1,91.0,5650.0,8029.0,73300.0,2010.0,5760.0,14465.0
63223,61000,Arrondissement de Huy,Arrondissement Hoei,Bezirk Huy,SUCCNALAT,2,146.0,1845.0,15360.0,100000.0,1530.0,3560.0,8034.0
63224,61000,Arrondissement de Huy,Arrondissement Hoei,Bezirk Huy,SUCCNALAT,3,14.0,5520.8,15000.0,15000.0,910.0,1203.0,4695.0
63225,61000,Arrondissement de Huy,Arrondissement Hoei,Bezirk Huy,SUCCNALAT,4,17.0,4182.0,28000.0,28000.0,467.0,590.0,1000.0
63230,61000,Arrondissement de Huy,Arrondissement Hoei,Bezirk Huy,SUCCNALAT,9,72.0,1422.0,3744.0,4167.0,1415.0,5029.5,17157.0
63247,61000,Arrondissement de Huy,Arrondissement Hoei,Bezirk Huy,SUCCNALAT,33,8.0,1017.0,1017.0,1017.0,50.0,224.5,495.0
63249,61000,Arrondissement de Huy,Arrondissement Hoei,Bezirk Huy,SUCCNALAT,35,6.0,1500.0,1500.0,1500.0,990.0,2220.5,2571.0
63291,61000,Arrondissement de Huy,Arrondissement Hoei,Bezirk Huy,SUCCNALAT,200,177.0,120000.0,155000.0,200000.0,293.0,693.5,1280.5
63309,61000,Arrondissement de Huy,Arrondissement Hoei,Bezirk Huy,SUCCNALAT,247,10.0,10000.0,20000.0,25000.0,177.0,471.0,2030.0
63377,61000,Arrondissement de Huy,Arrondissement Hoei,Bezirk Huy,SUCCNALAT,407,5.0,135000.0,140000.0,150000.0,365.0,521.0,595.0
63468,61000,Arrondissement de Huy,Arrondissement Hoei,Bezirk Huy,VENTEIMMEUB,1,39.0,11283.4,36000.0,161000.0,1270.0,2600.0,10513.0
63469,61000,Arrondissement de Huy,Arrondissement Hoei,Bezirk Huy,VENTEIMMEUB,2,195.0,40750.0,55000.0,93500.0,1270.0,2420.0,4150.0
63471,61000,Arrondissement de Huy,Arrondissement Hoei,Bezirk Huy,VENTEIMMEUB,4,38.0,3887.5,34000.0,67500.0,240.0,465.5,728.0
63476,61000,Arrondissement de Huy,Arrondissement Hoei,Bezirk Huy,VENTEIMMEUB,9,29.0,800.0,800.0,800.0,483.0,1860.0,6623.0
63477,61000,Arrondissement de Huy,Arrondissement Hoei,Bezirk Huy,VENTEIMMEUB,10,9.0,19500.0,35250.0,51000.0,935.0,980.0,1204.0
63519,61000,Arrondissement de Huy,Arrondissement Hoei,Bezirk Huy,VENTEIMMEUB,70,63.0,12165.0,35000.0,77000.0,305.0,965.0,2096.0
63527,61000,Arrondissement de Huy,Arrondissement Hoei,Bezirk Huy,VENTEIMMEUB,78,43.0,58000.0,72500.0,195000.0,562.0,850.0,1328.0
63537,61000,Arrondissement de Huy,Arrondissement Hoei,Bezirk Huy,VENTEIMMEUB,200,260.0,130000.0,175000.0,240000.0,250.0,592.5,1163.0
63541,61000,Arrondissement de Huy,Arrondissement Hoei,Bezirk Huy,VENTEIMMEUB,204,14.0,11500.0,11500.0,11500.0,46.0,63.0,235.0
63555,61000,Arrondissement de Huy,Arrondissement Hoei,Bezirk Huy,VENTEIMMEUB,247,6.0,35000.0,43887.2,52774.4,28.0,103.0,590.0
63623,61000,Arrondissement de Huy,Arrondissement Hoei,Bezirk Huy,VENTEIMMEUB,407,13.0,85000.0,125000.0,180000.0,80.0,113.0,369.0
63698,61000,Arrondissement de Huy,Arrondissement Hoei,Bezirk Huy,VENTEIMMEUB,539,6.0,42750.0,104000.0,152747.93,291.0,724.0,1764.0
63783,61000,Arrondissement de Huy,Arrondissement Hoei,Bezirk Huy,VENTEPUBIMMEUB,200,6.0,82815.96,84107.98,130160.76,320.0,517.5,1166.0
63960,61000,Arrondissement de Huy,Arrondissement Hoei,Bezirk Huy,TOTAL,1,271.0,6200.0,10200.0,72000.0,2116.0,6426.0,21794.0
63961,61000,Arrondissement de Huy,Arrondissement Hoei,Bezirk Huy,TOTAL,2,527.0,4875.0,23655.0,100000.0,1460.0,2930.0,6738.0
63962,61000,Arrondissement de Huy,Arrondissement Hoei,Bezirk Huy,TOTAL,3,69.0,5520.8,15000.0,23978.0,1150.0,2094.0,8820.0
63963,61000,Arrondissement de Huy,Arrondissement Hoei,Bezirk Huy,TOTAL,4,82.0,2775.0,16500.0,28000.0,240.0,467.0,728.0
63968,61000,Arrondissement de Huy,Arrondissement Hoei,Bezirk Huy,TOTAL,9,256.0,1320.0,2583.0,4167.0,1913.0,6810.0,21640.0
63969,61000,Arrondissement de Huy,Arrondissement Hoei,Bezirk Huy,TOTAL,10,22.0,19500.0,28000.0,51000.0,805.0,1114.5,3886.0
63985,61000,Arrondissement de Huy,Arrondissement Hoei,Bezirk Huy,TOTAL,33,31.0,1017.0,1017.0,1017.0,204.0,678.0,1317.0
63987,61000,Arrondissement de Huy,Arrondissement Hoei,Bezirk Huy,TOTAL,35,53.0,50.0,1500.0,65000.0,718.0,1383.0,2962.0
64008,61000,Arrondissement de Huy,Arrondissement Hoei,Bezirk Huy,TOTAL,67,6.0,70000.0,70000.0,70000.0,458.0,592.0,1433.0
64011,61000,Arrondissement de Huy,Arrondissement Hoei,Bezirk Huy,TOTAL,70,112.0,12303.15,37500.0,74000.0,197.5,882.0,2190.5
64018,61000,Arrondissement de Huy,Arrondissement Hoei,Bezirk Huy,TOTAL,77,5.0,172.0,172.0,172.0,110.0,116.0,182.0
64019,61000,Arrondissement de Huy,Arrondissement Hoei,Bezirk Huy,TOTAL,78,73.0,58000.0,69474.925,100000.0,590.0,946.0,1370.0
64029,61000,Arrondissement de Huy,Arrondissement Hoei,Bezirk Huy,TOTAL,200,587.0,125000.0,165000.0,223000.0,261.0,675.0,1235.0
64033,61000,Arrondissement de Huy,Arrondissement Hoei,Bezirk Huy,TOTAL,204,23.0,11500.0,11500.0,11500.0,34.0,58.0,292.0
64040,61000,Arrondissement de Huy,Arrondissement Hoei,Bezirk Huy,TOTAL,240,11.0,135000.0,195000.0,372500.0,1091.0,2841.0,5225.0
64047,61000,Arrondissement de Huy,Arrondissement Hoei,Bezirk Huy,TOTAL,247,24.0,10000.0,25000.0,50000.0,89.5,382.0,1584.0
64096,61000,Arrondissement de Huy,Arrondissement Hoei,Bezirk Huy,TOTAL,371,5.0,70000.0,110000.0,150000.0,222.0,280.0,806.0
64115,61000,Arrondissement de Huy,Arrondissement Hoei,Bezirk Huy,TOTAL,407,21.0,100000.0,137500.0,160000.0,100.0,255.0,456.0
64116,61000,Arrondissement de Huy,Arrondissement Hoei,Bezirk Huy,TOTAL,408,5.0,400000.0,400000.0,400000.0,316.0,1745.0,1858.0
64163,61000,Arrondissement de Huy,Arrondissement Hoei,Bezirk Huy,TOTAL,503,6.0,70000.0,134000.0,198000.0,963.0,1361.0,2200.0
64190,61000,Arrondissement de Huy,Arrondissement Hoei,Bezirk Huy,TOTAL,539,6.0,42750.0,104000.0,152747.93,291.0,724.0,1764.0
64257,62000,Arrondissement de Liège,Arrondissement Luik,Bezirk Lüttich,CESSION,70,9.0,60000.0,87600.0,115200.0,182.0,354.0,1120.0
64275,62000,Arrondissement de Liège,Arrondissement Luik,Bezirk Lüttich,CESSION,200,104.0,150000.0,180000.0,240000.0,186.0,420.0,841.0
64701,62000,Arrondissement de Liège,Arrondissement Luik,Bezirk Lüttich,DONATIMMEUB,4,16.0,1352.925,5624.85,14371.925,130.5,427.5,682.5
64749,62000,Arrondissement de Liège,Arrondissement Luik,Bezirk Lüttich,DONATIMMEUB,70,16.0,14235.6,35000.0,130000.0,479.5,784.0,1190.0
64767,62000,Arrondissement de Liège,Arrondissement Luik,Bezirk Lüttich,DONATIMMEUB,200,115.0,110000.0,140000.0,175000.0,150.0,292.0,765.0
64776,62000,Arrondissement de Liège,Arrondissement Luik,Bezirk Lüttich,DONATIMMEUB,222,7.0,245000.0,315000.0,560000.0,168.0,273.0,581.0
64853,62000,Arrondissement de Liège,Arrondissement Luik,Bezirk Lüttich,DONATIMMEUB,407,9.0,320000.0,320000.0,320000.0,101.0,147.0,290.0
64947,62000,Arrondissement de Liège,Arrondissement Luik,Bezirk Lüttich,OTHER,4,18.0,58333.34,58333.34,58333.34,36.0,300.0,474.0
64995,62000,Arrondissement de Liège,Arrondissement Luik,Bezirk Lüttich,OTHER,70,66.0,600.8,5000.0,59400.0,145.0,552.5,788.0
65003,62000,Arrondissement de Liège,Arrondissement Luik,Bezirk Lüttich,OTHER,78,58.0,107000.0,107000.0,107000.0,247.0,442.5,815.0
65013,62000,Arrondissement de Liège,Arrondissement Luik,Bezirk Lüttich,OTHER,200,127.0,140000.0,180000.0,250000.0,230.0,422.0,875.0
65099,62000,Arrondissement de Liège,Arrondissement Luik,Bezirk Lüttich,OTHER,407,23.0,247500.0,486250.0,725000.0,147.0,306.0,449.0
65174,62000,Arrondissement de Liège,Arrondissement Luik,Bezirk Lüttich,OTHER,539,12.0,500.0,124000.0,247500.0,21.0,565.0,2300.5
65241,62000,Arrondissement de Liège,Arrondissement Luik,Bezirk Lüttich,PARTAGE,70,23.0,25000.0,25000.0,25000.0,288.0,808.0,1150.0
65259,62000,Arrondissement de Liège,Arrondissement Luik,Bezirk Lüttich,PARTAGE,200,202.0,132500.0,170000.0,215000.0,160.0,315.0,699.0
65263,62000,Arrondissement de Liège,Arrondissement Luik,Bezirk Lüttich,PARTAGE,204,15.0,45000.0,45000.0,45000.0,16.0,17.0,41.0
65436,62000,Arrondissement de Liège,Arrondissement Luik,Bezirk Lüttich,SUCCNALAT,1,90.0,892.0,3285.0,53179.0,830.0,1595.0,4310.0
65437,62000,Arrondissement de Liège,Arrondissement Luik,Bezirk Lüttich,SUCCNALAT,2,157.0,852.0,15268.5,75000.0,1010.0,2037.0,4050.0
65438,62000,Arrondissement de Liège,Arrondissement Luik,Bezirk Lüttich,SUCCNALAT,3,20.0,1173.0,3765.0,23320.0,617.5,1085.0,4029.5
65439,62000,Arrondissement de Liège,Arrondissement Luik,Bezirk Lüttich,SUCCNALAT,4,55.0,2965.0,11273.0,29610.0,138.0,310.0,500.0
65444,62000,Arrondissement de Liège,Arrondissement Luik,Bezirk Lüttich,SUCCNALAT,9,38.0,272.0,1945.0,4200.0,320.0,845.0,1875.0
65445,62000,Arrondissement de Liège,Arrondissement Luik,Bezirk Lüttich,SUCCNALAT,10,48.0,4561.0,17625.0,80960.0,1117.5,2206.0,4985.0
65463,62000,Arrondissement de Liège,Arrondissement Luik,Bezirk Lüttich,SUCCNALAT,35,9.0,373.0,1000.0,1275.0,169.0,303.0,510.0
65487,62000,Arrondissement de Liège,Arrondissement Luik,Bezirk Lüttich,SUCCNALAT,70,18.0,1450.0,51480.0,90000.0,29.0,143.0,368.0
65495,62000,Arrondissement de Liège,Arrondissement Luik,Bezirk Lüttich,SUCCNALAT,78,8.0,50160.0,60000.0,90000.0,414.0,581.5,638.0
65505,62000,Arrondissement de Liège,Arrondissement Luik,Bezirk Lüttich,SUCCNALAT,200,970.0,95000.0,135000.0,175000.0,150.0,283.5,620.5
65508,62000,Arrondissement de Liège,Arrondissement Luik,Bezirk Lüttich,SUCCNALAT,203,11.0,3400.0,4200.0,5000.0,21.0,95.0,658.0
65509,62000,Arrondissement de Liège,Arrondissement Luik,Bezirk Lüttich,SUCCNALAT,204,44.0,5000.0,10000.0,15000.0,18.0,44.0,116.0
65516,62000,Arrondissement de Liège,Arrondissement Luik,Bezirk Lüttich,SUCCNALAT,240,8.0,160000.0,195000.0,280000.0,1069.5,1293.5,3341.5
65591,62000,Arrondissement de Liège,Arrondissement Luik,Bezirk Lüttich,SUCCNALAT,407,26.0,100000.0,114375.0,170000.0,124.0,198.5,346.0
65682,62000,Arrondissement de Liège,Arrondissement Luik,Bezirk Lüttich,VENTEIMMEUB,1,46.0,40143.58,71250.0,137750.0,546.0,2250.0,3480.0
65683,62000,Arrondissement de Liège,Arrondissement Luik,Bezirk Lüttich,VENTEIMMEUB,2,73.0,27500.0,63347.0,145000.0,450.0,1162.0,2515.0
65684,62000,Arrondissement de Liège,Arrondissement Luik,Bezirk Lüttich,VENTEIMMEUB,3,7.0,3154.0,6577.0,10000.0,366.0,1658.0,2135.0
65685,62000,Arrondissement de Liège,Arrondissement Luik,Bezirk Lüttich,VENTEIMMEUB,4,164.0,3250.0,17500.0,49000.0,146.0,291.5,536.5
65690,62000,Arrondissement de Liège,Arrondissement Luik,Bezirk Lüttich,VENTEIMMEUB,9,28.0,2000.0,10000.0,120000.0,873.0,3745.5,4880.5
65691,62000,Arrondissement de Liège,Arrondissement Luik,Bezirk Lüttich,VENTEIMMEUB,10,52.0,32500.0,61119.25,140000.0,356.0,1009.5,2098.0
65707,62000,Arrondissement de Liège,Arrondissement Luik,Bezirk Lüttich,VENTEIMMEUB,33,23.0,3100.0,3100.0,3100.0,36.0,168.0,860.0
65709,62000,Arrondissement de Liège,Arrondissement Luik,Bezirk Lüttich,VENTEIMMEUB,35,13.0,70000.0,185500.0,301000.0,112.0,188.0,2100.0
65733,62000,Arrondissement de Liège,Arrondissement Luik,Bezirk Lüttich,VENTEIMMEUB,70,225.0,27000.0,65000.0,138775.0,126.0,318.0,696.0
65741,62000,Arrondissement de Liège,Arrondissement Luik,Bezirk Lüttich,VENTEIMMEUB,78,112.0,78300.0,103477.5,239500.0,303.5,633.5,955.5
65751,62000,Arrondissement de Liège,Arrondissement Luik,Bezirk Lüttich,VENTEIMMEUB,200,1379.0,110000.0,150000.0,199000.0,123.0,217.0,449.0
65754,62000,Arrondissement de Liège,Arrondissement Luik,Bezirk Lüttich,VENTEIMMEUB,203,25.0,25000.0,25000.0,25000.0,65.0,162.0,251.0
65755,62000,Arrondissement de Liège,Arrondissement Luik,Bezirk Lüttich,VENTEIMMEUB,204,103.0,12000.0,30000.0,50000.0,17.0,24.0,113.0
65760,62000,Arrondissement de Liège,Arrondissement Luik,Bezirk Lüttich,VENTEIMMEUB,222,9.0,205000.0,302000.0,353000.0,208.0,290.0,325.0
65762,62000,Arrondissement de Liège,Arrondissement Luik,Bezirk Lüttich,VENTEIMMEUB,240,5.0,270000.0,270000.0,270000.0,320.0,651.0,861.0
65775,62000,Arrondissement de Liège,Arrondissement Luik,Bezirk Lüttich,VENTEIMMEUB,265,12.0,142500.0,175000.0,225000.0,159.0,280.5,400.0
65818,62000,Arrondissement de Liège,Arrondissement Luik,Bezirk Lüttich,VENTEIMMEUB,371,18.0,97500.0,127500.0,367500.0,300.0,499.0,1630.0
65837,62000,Arrondissement de Liège,Arrondissement Luik,Bezirk Lüttich,VENTEIMMEUB,407,76.0,105000.0,152500.0,220000.0,76.5,155.0,231.5
65838,62000,Arrondissement de Liège,Arrondissement Luik,Bezirk Lüttich,VENTEIMMEUB,408,6.0,516335.0,1587500.0,2625000.0,2313.0,3422.0,3857.0
65885,62000,Arrondissement de Liège,Arrondissement Luik,Bezirk Lüttich,VENTEIMMEUB,503,6.0,17000.0,45000.0,101000.0,258.0,279.5,359.0
65912,62000,Arrondissement de Liège,Arrondissement Luik,Bezirk Lüttich,VENTEIMMEUB,539,50.0,105000.0,145000.0,290000.0,157.0,295.5,582.0
65929,62000,Arrondissement de Liège,Arrondissement Luik,Bezirk Lüttich,VENTEPUBIMMEUB,2,7.0,4304.0,4304.0,4304.0,1839.0,3387.0,26960.0
65937,62000,Arrondissement de Liège,Arrondissement Luik,Bezirk Lüttich,VENTEPUBIMMEUB,10,6.0,83033.64,83033.64,83033.64,58.0,792.5,6752.0
65997,62000,Arrondissement de Liège,Arrondissement Luik,Bezirk Lüttich,VENTEPUBIMMEUB,200,29.0,87000.0,105000.0,132000.0,140.0,260.0,426.0
66174,62000,Arrondissement de Liège,Arrondissement Luik,Bezirk Lüttich,TOTAL,1,195.0,1610.0,26460.0,81000.0,900.0,1580.0,3531.0
66175,62000,Arrondissement de Liège,Arrondissement Luik,Bezirk Lüttich,TOTAL,2,325.0,1028.0,21390.0,93150.0,920.0,1865.0,4198.0
66176,62000,Arrondissement de Liège,Arrondissement Luik,Bezirk Lüttich,TOTAL,3,47.0,1290.0,6030.0,16640.0,370.0,1060.0,2217.0
66177,62000,Arrondissement de Liège,Arrondissement Luik,Bezirk Lüttich,TOTAL,4,290.0,2505.85,12666.0,43000.0,144.0,305.0,540.0
66182,62000,Arrondissement de Liège,Arrondissement Luik,Bezirk Lüttich,TOTAL,9,133.0,1000.0,2000.0,10000.0,660.0,1470.0,4190.0
66183,62000,Arrondissement de Liège,Arrondissement Luik,Bezirk Lüttich,TOTAL,10,143.0,6785.0,40261.0,90000.0,735.0,1520.0,4561.0
66199,62000,Arrondissement de Liège,Arrondissement Luik,Bezirk Lüttich,TOTAL,33,49.0,3100.0,3100.0,3100.0,64.0,308.0,860.0
66201,62000,Arrondissement de Liège,Arrondissement Luik,Bezirk Lüttich,TOTAL,35,41.0,373.0,1275.0,70000.0,130.0,365.0,2000.0
66225,62000,Arrondissement de Liège,Arrondissement Luik,Bezirk Lüttich,TOTAL,70,369.0,25000.0,64596.0,125000.0,137.0,406.0,811.0
66233,62000,Arrondissement de Liège,Arrondissement Luik,Bezirk Lüttich,TOTAL,78,190.0,76245.0,99455.0,209850.0,287.0,606.5,993.0
66243,62000,Arrondissement de Liège,Arrondissement Luik,Bezirk Lüttich,TOTAL,200,2979.0,106750.0,145000.0,193326.295,139.0,253.0,569.0
66246,62000,Arrondissement de Liège,Arrondissement Luik,Bezirk Lüttich,TOTAL,203,45.0,4200.0,15000.0,25000.0,33.5,112.5,250.5
66247,62000,Arrondissement de Liège,Arrondissement Luik,Bezirk Lüttich,TOTAL,204,190.0,7500.0,15000.0,43750.0,18.0,27.0,111.5
66252,62000,Arrondissement de Liège,Arrondissement Luik,Bezirk Lüttich,TOTAL,222,28.0,205000.0,302000.0,353000.0,208.0,297.5,541.0
66254,62000,Arrondissement de Liège,Arrondissement Luik,Bezirk Lüttich,TOTAL,240,20.0,160000.0,232500.0,280000.0,455.5,956.0,2299.0
66261,62000,Arrondissement de Liège,Arrondissement Luik,Bezirk Lüttich,TOTAL,247,19.0,12500.0,15000.0,60000.0,66.0,168.0,299.0
66263,62000,Arrondissement de Liège,Arrondissement Luik,Bezirk Lüttich,TOTAL,261,10.0,145000.0,180000.0,250000.0,346.0,720.0,1735.0
66267,62000,Arrondissement de Liège,Arrondissement Luik,Bezirk Lüttich,TOTAL,265,15.0,125000.0,175000.0,260000.0,171.0,354.0,955.0
66310,62000,Arrondissement de Liège,Arrondissement Luik,Bezirk Lüttich,TOTAL,371,27.0,45000.0,125000.0,305000.0,300.0,498.0,1607.0
66329,62000,Arrondissement de Liège,Arrondissement Luik,Bezirk Lüttich,TOTAL,407,143.0,105000.0,150000.0,220000.0,100.0,179.0,283.0
66330,62000,Arrondissement de Liège,Arrondissement Luik,Bezirk Lüttich,TOTAL,408,9.0,550000.0,2625000.0,2625000.0,1616.0,2576.0,3857.0
66377,62000,Arrondissement de Liège,Arrondissement Luik,Bezirk Lüttich,TOTAL,503,12.0,30000.0,90000.0,101000.0,267.5,349.5,770.0
66385,62000,Arrondissement de Liège,Arrondissement Luik,Bezirk Lüttich,TOTAL,520,12.0,19825.7,47412.85,75000.0,77.0,140.0,227.5
66404,62000,Arrondissement de Liège,Arrondissement Luik,Bezirk Lüttich,TOTAL,539,66.0,77650.0,142500.0,268750.0,127.0,312.0,809.0
66421,63000,Arrondissement de Verviers,Arrondissement Verviers,Bezirk Verviers,CESSION,2,34.0,1320.0,47000.0,140000.0,1498.0,4048.0,6932.0
66471,63000,Arrondissement de Verviers,Arrondissement Verviers,Bezirk Verviers,CESSION,70,16.0,2665.08,2665.08,2665.08,64.5,590.5,1319.5
66489,63000,Arrondissement de Verviers,Arrondissement Verviers,Bezirk Verviers,CESSION,200,85.0,157500.0,187500.0,250360.0,210.0,547.0,919.0
66575,63000,Arrondissement de Verviers,Arrondissement Verviers,Bezirk Verviers,CESSION,407,7.0,60000.0,70000.0,196381.0,80.0,120.0,193.0
66912,63000,Arrondissement de Verviers,Arrondissement Verviers,Bezirk Verviers,DONATIMMEUB,1,46.0,45000.0,45000.0,45000.0,2491.0,6266.5,8296.0
66913,63000,Arrondissement de Verviers,Arrondissement Verviers,Bezirk Verviers,DONATIMMEUB,2,116.0,7200.0,20600.0,34000.0,2162.0,4945.5,9300.5
66914,63000,Arrondissement de Verviers,Arrondissement Verviers,Bezirk Verviers,DONATIMMEUB,3,34.0,1200.0,79363.565,157527.13,2435.0,4673.5,6320.0
66915,63000,Arrondissement de Verviers,Arrondissement Verviers,Bezirk Verviers,DONATIMMEUB,4,10.0,60400.0,60400.0,60400.0,123.0,285.0,354.0
66920,63000,Arrondissement de Verviers,Arrondissement Verviers,Bezirk Verviers,DONATIMMEUB,9,66.0,1400.0,1400.0,1400.0,1946.0,4236.0,7147.0
66921,63000,Arrondissement de Verviers,Arrondissement Verviers,Bezirk Verviers,DONATIMMEUB,10,6.0,241110.0,241110.0,241110.0,1004.0,5404.5,7032.0
66963,63000,Arrondissement de Verviers,Arrondissement Verviers,Bezirk Verviers,DONATIMMEUB,70,48.0,45225.0,61500.0,79000.0,630.5,1113.0,1585.0
66971,63000,Arrondissement de Verviers,Arrondissement Verviers,Bezirk Verviers,DONATIMMEUB,78,10.0,50000.0,50000.0,50000.0,596.0,902.0,1929.0
66981,63000,Arrondissement de Verviers,Arrondissement Verviers,Bezirk Verviers,DONATIMMEUB,200,70.0,87500.0,150000.0,207500.0,190.0,449.0,847.0
66985,63000,Arrondissement de Verviers,Arrondissement Verviers,Bezirk Verviers,DONATIMMEUB,204,7.0,20000.0,20000.0,20000.0,77.0,251.0,596.0
66992,63000,Arrondissement de Verviers,Arrondissement Verviers,Bezirk Verviers,DONATIMMEUB,240,8.0,50000.0,145000.0,275000.0,887.0,1279.5,2445.5
66999,63000,Arrondissement de Verviers,Arrondissement Verviers,Bezirk Verviers,DONATIMMEUB,247,6.0,90000.0,90000.0,90000.0,280.0,966.0,3018.0
67067,63000,Arrondissement de Verviers,Arrondissement Verviers,Bezirk Verviers,DONATIMMEUB,407,5.0,107500.0,188000.0,200000.0,138.0,142.0,228.0
67159,63000,Arrondissement de Verviers,Arrondissement Verviers,Bezirk Verviers,OTHER,2,53.0,19700.0,19700.0,19700.0,2396.0,10657.0,17450.0
67209,63000,Arrondissement de Verviers,Arrondissement Verviers,Bezirk Verviers,OTHER,70,82.0,250.0,875.0,1500.0,31.0,361.0,1130.0
67227,63000,Arrondissement de Verviers,Arrondissement Verviers,Bezirk Verviers,OTHER,200,81.0,165000.0,220000.0,270000.0,348.0,667.0,1103.0
67404,63000,Arrondissement de Verviers,Arrondissement Verviers,Bezirk Verviers,PARTAGE,1,47.0,6400.0,6400.0,6400.0,2467.0,3530.0,7721.0
67455,63000,Arrondissement de Verviers,Arrondissement Verviers,Bezirk Verviers,PARTAGE,70,46.0,10000.0,10000.0,10000.0,770.0,1360.0,2087.0
67473,63000,Arrondissement de Verviers,Arrondissement Verviers,Bezirk Verviers,PARTAGE,200,66.0,127500.0,185000.0,254000.0,310.5,668.5,1252.0
67650,63000,Arrondissement de Verviers,Arrondissement Verviers,Bezirk Verviers,SUCCNALAT,1,63.0,2545.0,5170.0,48800.0,592.0,2733.0,5542.0
67651,63000,Arrondissement de Verviers,Arrondissement Verviers,Bezirk Verviers,SUCCNALAT,2,245.0,4551.0,17454.0,65000.0,1140.0,3000.0,6394.0
67652,63000,Arrondissement de Verviers,Arrondissement Verviers,Bezirk Verviers,SUCCNALAT,3,76.0,576.0,2225.0,8795.0,962.5,1880.0,2835.5
67653,63000,Arrondissement de Verviers,Arrondissement Verviers,Bezirk Verviers,SUCCNALAT,4,25.0,10000.0,30000.0,50000.0,145.0,450.0,649.0
67658,63000,Arrondissement de Verviers,Arrondissement Verviers,Bezirk Verviers,SUCCNALAT,9,124.0,600.0,1632.0,6570.0,1187.0,2397.5,5130.0
67659,63000,Arrondissement de Verviers,Arrondissement Verviers,Bezirk Verviers,SUCCNALAT,10,10.0,2000.0,45840.0,60000.0,416.0,1391.5,2426.0
67675,63000,Arrondissement de Verviers,Arrondissement Verviers,Bezirk Verviers,SUCCNALAT,33,16.0,56.25,65000.0,65000.0,53.5,166.0,306.5
67677,63000,Arrondissement de Verviers,Arrondissement Verviers,Bezirk Verviers,SUCCNALAT,35,12.0,50.0,4700.0,5230.0,146.5,730.0,6787.0
67701,63000,Arrondissement de Verviers,Arrondissement Verviers,Bezirk Verviers,SUCCNALAT,70,9.0,40000.0,60000.0,90000.0,448.0,1008.0,1453.0
67708,63000,Arrondissement de Verviers,Arrondissement Verviers,Bezirk Verviers,SUCCNALAT,77,12.0,104.0,200.0,4493.0,52.0,104.0,147.0
67709,63000,Arrondissement de Verviers,Arrondissement Verviers,Bezirk Verviers,SUCCNALAT,78,5.0,20000.0,31330.0,42660.0,948.0,1476.0,1590.0
67719,63000,Arrondissement de Verviers,Arrondissement Verviers,Bezirk Verviers,SUCCNALAT,200,350.0,110000.0,150000.0,185000.0,200.0,452.5,854.0
67722,63000,Arrondissement de Verviers,Arrondissement Verviers,Bezirk Verviers,SUCCNALAT,203,5.0,1000.0,15500.0,30000.0,26.0,35.0,120.0
67723,63000,Arrondissement de Verviers,Arrondissement Verviers,Bezirk Verviers,SUCCNALAT,204,15.0,5000.0,7000.0,78000.0,19.0,24.0,87.0
67730,63000,Arrondissement de Verviers,Arrondissement Verviers,Bezirk Verviers,SUCCNALAT,240,26.0,105000.0,122500.0,150000.0,720.0,1059.0,1395.0
67737,63000,Arrondissement de Verviers,Arrondissement Verviers,Bezirk Verviers,SUCCNALAT,247,8.0,5000.0,19500.0,35000.0,81.5,160.5,1213.0
67805,63000,Arrondissement de Verviers,Arrondissement Verviers,Bezirk Verviers,SUCCNALAT,407,16.0,110000.0,130000.0,250000.0,102.0,200.5,408.0
67853,63000,Arrondissement de Verviers,Arrondissement Verviers,Bezirk Verviers,SUCCNALAT,503,7.0,40000.0,77500.0,95000.0,249.0,533.0,697.0
67896,63000,Arrondissement de Verviers,Arrondissement Verviers,Bezirk Verviers,VENTEIMMEUB,1,72.0,1500.0,5200.0,45000.0,1825.5,3927.5,8185.5
67897,63000,Arrondissement de Verviers,Arrondissement Verviers,Bezirk Verviers,VENTEIMMEUB,2,249.0,15867.6,54000.0,100000.0,1393.0,2780.0,5737.0
67898,63000,Arrondissement de Verviers,Arrondissement Verviers,Bezirk Verviers,VENTEIMMEUB,3,95.0,4500.0,8751.875,70000.0,1650.0,3330.0,6471.0
67899,63000,Arrondissement de Verviers,Arrondissement Verviers,Bezirk Verviers,VENTEIMMEUB,4,51.0,400.0,2500.0,3490.0,120.0,278.0,460.0
67903,63000,Arrondissement de Verviers,Arrondissement Verviers,Bezirk Verviers,VENTEIMMEUB,8,5.0,2300.0,2300.0,2300.0,1353.0,2515.0,5749.0
67904,63000,Arrondissement de Verviers,Arrondissement Verviers,Bezirk Verviers,VENTEIMMEUB,9,89.0,1570.0,3115.0,4600.0,1175.0,2950.0,5716.0
67905,63000,Arrondissement de Verviers,Arrondissement Verviers,Bezirk Verviers,VENTEIMMEUB,10,10.0,100.0,20002.0,39904.0,232.0,1585.5,4910.0
67921,63000,Arrondissement de Verviers,Arrondissement Verviers,Bezirk Verviers,VENTEIMMEUB,33,34.0,330.0,330.0,330.0,159.0,308.0,492.0
67923,63000,Arrondissement de Verviers,Arrondissement Verviers,Bezirk Verviers,VENTEIMMEUB,35,12.0,2000.0,2000.0,2000.0,384.0,1356.5,1594.5
67947,63000,Arrondissement de Verviers,Arrondissement Verviers,Bezirk Verviers,VENTEIMMEUB,70,202.0,4200.0,38652.53,86961.95,148.0,655.5,1254.0
67955,63000,Arrondissement de Verviers,Arrondissement Verviers,Bezirk Verviers,VENTEIMMEUB,78,68.0,48630.0,90000.0,134285.51,496.0,773.0,1150.0
67965,63000,Arrondissement de Verviers,Arrondissement Verviers,Bezirk Verviers,VENTEIMMEUB,200,568.0,130000.0,179500.0,235000.0,177.0,360.0,886.0
67968,63000,Arrondissement de Verviers,Arrondissement Verviers,Bezirk Verviers,VENTEIMMEUB,203,6.0,15000.0,15000.0,15000.0,30.0,97.0,154.0
67969,63000,Arrondissement de Verviers,Arrondissement Verviers,Bezirk Verviers,VENTEIMMEUB,204,15.0,14000.0,23000.0,83000.0,25.0,57.5,160.0
67976,63000,Arrondissement de Verviers,Arrondissement Verviers,Bezirk Verviers,VENTEIMMEUB,240,19.0,155000.0,194500.0,277500.0,517.0,885.0,1703.0
67983,63000,Arrondissement de Verviers,Arrondissement Verviers,Bezirk Verviers,VENTEIMMEUB,247,12.0,26100.0,28050.0,30000.0,176.0,577.5,829.5
68030,63000,Arrondissement de Verviers,Arrondissement Verviers,Bezirk Verviers,VENTEIMMEUB,357,5.0,40650.0,43012.52,45375.04,99.0,114.0,192.0
68032,63000,Arrondissement de Verviers,Arrondissement Verviers,Bezirk Verviers,VENTEIMMEUB,371,9.0,158025.0,429012.5,700000.0,1498.0,3759.0,4707.0
68051,63000,Arrondissement de Verviers,Arrondissement Verviers,Bezirk Verviers,VENTEIMMEUB,407,29.0,62500.0,148750.0,275000.0,80.0,145.0,245.0
68099,63000,Arrondissement de Verviers,Arrondissement Verviers,Bezirk Verviers,VENTEIMMEUB,503,23.0,7500.0,80000.0,160000.0,84.0,172.0,437.0
68126,63000,Arrondissement de Verviers,Arrondissement Verviers,Bezirk Verviers,VENTEIMMEUB,539,46.0,31325.0,114220.525,192246.085,95.0,390.0,1066.0
68211,63000,Arrondissement de Verviers,Arrondissement Verviers,Bezirk Verviers,VENTEPUBIMMEUB,200,9.0,94333.36,119644.38,149211.96,309.0,466.0,863.0
68388,63000,Arrondissement de Verviers,Arrondissement Verviers,Bezirk Verviers,TOTAL,1,255.0,2500.0,6200.0,48800.0,1440.0,3530.0,7624.0
68389,63000,Arrondissement de Verviers,Arrondissement Verviers,Bezirk Verviers,TOTAL,2,823.0,5675.0,22024.5,65000.0,1491.0,3580.0,7450.0
68390,63000,Arrondissement de Verviers,Arrondissement Verviers,Bezirk Verviers,TOTAL,3,261.0,840.0,4272.0,9510.0,1502.0,2711.0,5508.0
68391,63000,Arrondissement de Verviers,Arrondissement Verviers,Bezirk Verviers,TOTAL,4,109.0,2500.0,6745.0,50000.0,123.0,318.0,494.0
68395,63000,Arrondissement de Verviers,Arrondissement Verviers,Bezirk Verviers,TOTAL,8,12.0,466.0,1383.0,2300.0,1429.0,2563.5,5612.5
68396,63000,Arrondissement de Verviers,Arrondissement Verviers,Bezirk Verviers,TOTAL,9,340.0,782.5,2135.0,5852.0,1335.5,3057.0,6444.0
68397,63000,Arrondissement de Verviers,Arrondissement Verviers,Bezirk Verviers,TOTAL,10,44.0,2000.0,42872.0,60000.0,862.0,2387.0,7299.0
68401,63000,Arrondissement de Verviers,Arrondissement Verviers,Bezirk Verviers,TOTAL,17,15.0,30000.0,30000.0,30000.0,397.0,488.0,2783.0
68413,63000,Arrondissement de Verviers,Arrondissement Verviers,Bezirk Verviers,TOTAL,33,72.0,193.125,32665.0,65000.0,137.5,260.0,433.5
68415,63000,Arrondissement de Verviers,Arrondissement Verviers,Bezirk Verviers,TOTAL,35,41.0,1025.0,3647.5,5105.0,300.0,1560.0,4652.0
68439,63000,Arrondissement de Verviers,Arrondissement Verviers,Bezirk Verviers,TOTAL,70,410.0,4309.65,39500.0,86448.475,164.0,783.5,1360.0
68446,63000,Arrondissement de Verviers,Arrondissement Verviers,Bezirk Verviers,TOTAL,77,21.0,104.0,200.0,4493.0,98.0,117.0,226.0
68447,63000,Arrondissement de Verviers,Arrondissement Verviers,Bezirk Verviers,TOTAL,78,108.0,47075.0,88000.0,132609.5,522.5,853.5,1366.5
68457,63000,Arrondissement de Verviers,Arrondissement Verviers,Bezirk Verviers,TOTAL,200,1277.0,125000.0,165000.0,220000.0,199.0,448.5,919.0
68460,63000,Arrondissement de Verviers,Arrondissement Verviers,Bezirk Verviers,TOTAL,203,19.0,1000.0,15000.0,30000.0,35.0,150.0,350.0
68461,63000,Arrondissement de Verviers,Arrondissement Verviers,Bezirk Verviers,TOTAL,204,47.0,6000.0,15000.0,52000.0,25.0,77.0,256.0
68466,63000,Arrondissement de Verviers,Arrondissement Verviers,Bezirk Verviers,TOTAL,222,6.0,280000.0,345000.0,410000.0,61.0,261.5,540.0
68468,63000,Arrondissement de Verviers,Arrondissement Verviers,Bezirk Verviers,TOTAL,240,66.0,115000.0,145000.0,210000.0,559.0,1059.0,1398.0
68475,63000,Arrondissement de Verviers,Arrondissement Verviers,Bezirk Verviers,TOTAL,247,37.0,10000.0,29000.0,35000.0,185.0,695.0,1087.0
68477,63000,Arrondissement de Verviers,Arrondissement Verviers,Bezirk Verviers,TOTAL,261,5.0,100000.0,157500.0,215000.0,253.0,565.0,900.0
68481,63000,Arrondissement de Verviers,Arrondissement Verviers,Bezirk Verviers,TOTAL,265,8.0,30000.0,90000.0,227273.0,201.5,590.0,1059.5
68522,63000,Arrondissement de Verviers,Arrondissement Verviers,Bezirk Verviers,TOTAL,357,5.0,40650.0,43012.52,45375.04,99.0,114.0,192.0
68524,63000,Arrondissement de Verviers,Arrondissement Verviers,Bezirk Verviers,TOTAL,371,12.0,30000.0,158025.0,700000.0,489.5,1630.0,4294.5
68538,63000,Arrondissement de Verviers,Arrondissement Verviers,Bezirk Verviers,TOTAL,402,5.0,190000.0,190000.0,190000.0,323.0,870.0,975.0
68543,63000,Arrondissement de Verviers,Arrondissement Verviers,Bezirk Verviers,TOTAL,407,67.0,65000.0,130000.0,237500.0,91.0,150.0,274.0
68591,63000,Arrondissement de Verviers,Arrondissement Verviers,Bezirk Verviers,TOTAL,503,34.0,7500.0,79000.0,110000.0,163.0,260.5,672.0
68618,63000,Arrondissement de Verviers,Arrondissement Verviers,Bezirk Verviers,TOTAL,539,74.0,31325.0,114220.525,192246.085,95.0,414.0,1218.0
68634,64000,Arrondissement de Waremme,Arrondissement Borgworm,Bezirk Waremme,CESSION,1,9.0,40000.0,40000.0,40000.0,4327.0,16567.0,33722.0
68703,64000,Arrondissement de Waremme,Arrondissement Borgworm,Bezirk Waremme,CESSION,200,10.0,160000.0,170000.0,175000.0,576.0,627.0,697.0
69126,64000,Arrondissement de Waremme,Arrondissement Borgworm,Bezirk Waremme,DONATIMMEUB,1,28.0,1000.0,3000.0,5000.0,2179.5,6533.5,9590.0
69129,64000,Arrondissement de Waremme,Arrondissement Borgworm,Bezirk Waremme,DONATIMMEUB,4,5.0,40000.0,45000.0,50000.0,315.0,580.0,1244.0
69177,64000,Arrondissement de Waremme,Arrondissement Borgworm,Bezirk Waremme,DONATIMMEUB,70,13.0,27500.0,35000.0,45000.0,1317.0,1606.0,6043.0
69195,64000,Arrondissement de Waremme,Arrondissement Borgworm,Bezirk Waremme,DONATIMMEUB,200,17.0,120000.0,160000.0,190000.0,420.0,675.0,1381.0
69441,64000,Arrondissement de Waremme,Arrondissement Borgworm,Bezirk Waremme,OTHER,200,19.0,125000.0,240000.0,315000.0,483.0,820.0,1453.0
69687,64000,Arrondissement de Waremme,Arrondissement Borgworm,Bezirk Waremme,PARTAGE,200,38.0,213000.0,247500.0,310000.0,577.0,865.0,1402.0
69864,64000,Arrondissement de Waremme,Arrondissement Borgworm,Bezirk Waremme,SUCCNALAT,1,130.0,6000.0,14265.0,180000.0,1795.0,4454.0,9924.0
69865,64000,Arrondissement de Waremme,Arrondissement Borgworm,Bezirk Waremme,SUCCNALAT,2,28.0,7768.0,55000.0,90000.0,1282.0,2727.5,5400.0
69867,64000,Arrondissement de Waremme,Arrondissement Borgworm,Bezirk Waremme,SUCCNALAT,4,5.0,3060.0,10000.0,65000.0,440.0,744.0,834.0
69872,64000,Arrondissement de Waremme,Arrondissement Borgworm,Bezirk Waremme,SUCCNALAT,9,6.0,11950.0,12160.0,12370.0,765.0,4524.5,5482.0
69873,64000,Arrondissement de Waremme,Arrondissement Borgworm,Bezirk Waremme,SUCCNALAT,10,9.0,65000.0,100000.0,1297368.0,1672.0,2631.0,4429.0
69915,64000,Arrondissement de Waremme,Arrondissement Borgworm,Bezirk Waremme,SUCCNALAT,70,5.0,3000.0,90000.0,613333.0,526.0,600.0,2017.0
69933,64000,Arrondissement de Waremme,Arrondissement Borgworm,Bezirk Waremme,SUCCNALAT,200,113.0,118125.0,150000.0,200000.0,503.5,739.0,1190.5
69944,64000,Arrondissement de Waremme,Arrondissement Borgworm,Bezirk Waremme,SUCCNALAT,240,5.0,125000.0,250000.0,320882.0,1590.0,1695.0,2028.0
69951,64000,Arrondissement de Waremme,Arrondissement Borgworm,Bezirk Waremme,SUCCNALAT,247,5.0,11250.0,83750.0,6176250.0,73.0,98.0,249.0
70019,64000,Arrondissement de Waremme,Arrondissement Borgworm,Bezirk Waremme,SUCCNALAT,407,6.0,150000.0,230000.0,300000.0,343.0,525.0,1485.0
70110,64000,Arrondissement de Waremme,Arrondissement Borgworm,Bezirk Waremme,VENTEIMMEUB,1,55.0,10615.0,57187.5,176921.6,2431.0,4885.0,18605.0
70111,64000,Arrondissement de Waremme,Arrondissement Borgworm,Bezirk Waremme,VENTEIMMEUB,2,15.0,62000.0,67500.0,77000.0,963.0,1491.0,2700.0
70113,64000,Arrondissement de Waremme,Arrondissement Borgworm,Bezirk Waremme,VENTEIMMEUB,4,21.0,90000.0,90000.0,90000.0,275.0,585.0,860.0
70118,64000,Arrondissement de Waremme,Arrondissement Borgworm,Bezirk Waremme,VENTEIMMEUB,9,5.0,2000.0,2000.0,2000.0,565.0,1070.0,4022.0
70161,64000,Arrondissement de Waremme,Arrondissement Borgworm,Bezirk Waremme,VENTEIMMEUB,70,41.0,24335.4,71583.5,90000.0,398.0,980.0,1373.0
70169,64000,Arrondissement de Waremme,Arrondissement Borgworm,Bezirk Waremme,VENTEIMMEUB,78,19.0,60000.0,70000.0,80000.0,538.0,876.0,1014.0
70179,64000,Arrondissement de Waremme,Arrondissement Borgworm,Bezirk Waremme,VENTEIMMEUB,200,162.0,164000.0,199000.0,260000.0,390.0,751.0,1363.0
70183,64000,Arrondissement de Waremme,Arrondissement Borgworm,Bezirk Waremme,VENTEIMMEUB,204,5.0,15000.0,92500.0,170000.0,53.0,149.0,196.0
70265,64000,Arrondissement de Waremme,Arrondissement Borgworm,Bezirk Waremme,VENTEIMMEUB,407,6.0,145000.0,155000.0,300000.0,260.0,323.5,412.0
70340,64000,Arrondissement de Waremme,Arrondissement Borgworm,Bezirk Waremme,VENTEIMMEUB,539,14.0,60000.0,99750.0,215000.0,195.0,429.0,1498.0
70602,64000,Arrondissement de Waremme,Arrondissement Borgworm,Bezirk Waremme,TOTAL,1,243.0,6000.0,17130.0,176921.6,2000.0,4690.0,10538.0
70603,64000,Arrondissement de Waremme,Arrondissement Borgworm,Bezirk Waremme,TOTAL,2,57.0,15600.0,64000.0,84000.0,1125.0,2400.0,6154.0
70605,64000,Arrondissement de Waremme,Arrondissement Borgworm,Bezirk Waremme,TOTAL,4,40.0,10000.0,40000.0,65000.0,299.5,601.5,880.0
70610,64000,Arrondissement de Waremme,Arrondissement Borgworm,Bezirk Waremme,TOTAL,9,21.0,2000.0,11950.0,12370.0,836.0,1786.0,4780.0
70611,64000,Arrondissement de Waremme,Arrondissement Borgworm,Bezirk Waremme,TOTAL,10,25.0,51250.0,82500.0,698684.0,1740.0,2658.0,3841.0
70629,64000,Arrondissement de Waremme,Arrondissement Borgworm,Bezirk Waremme,TOTAL,35,5.0,1822.0,4411.0,7000.0,262.0,976.0,1822.0
70653,64000,Arrondissement de Waremme,Arrondissement Borgworm,Bezirk Waremme,TOTAL,70,92.0,25000.0,60250.0,90000.0,465.0,1280.0,2122.5
70661,64000,Arrondissement de Waremme,Arrondissement Borgworm,Bezirk Waremme,TOTAL,78,34.0,55023.325,67500.0,80000.0,588.0,938.5,1234.0
70671,64000,Arrondissement de Waremme,Arrondissement Borgworm,Bezirk Waremme,TOTAL,200,377.0,135000.0,180000.0,240000.0,448.0,751.0,1271.0
70675,64000,Arrondissement de Waremme,Arrondissement Borgworm,Bezirk Waremme,TOTAL,204,7.0,4000.0,15000.0,170000.0,38.0,53.0,196.0
70682,64000,Arrondissement de Waremme,Arrondissement Borgworm,Bezirk Waremme,TOTAL,240,11.0,212000.0,250000.0,320882.0,1590.0,2676.0,3879.0
70689,64000,Arrondissement de Waremme,Arrondissement Borgworm,Bezirk Waremme,TOTAL,247,7.0,5000.0,17500.0,150000.0,73.0,98.0,298.0
70738,64000,Arrondissement de Waremme,Arrondissement Borgworm,Bezirk Waremme,TOTAL,371,6.0,450000.0,761666.5,1073333.0,281.0,530.0,2405.0
70757,64000,Arrondissement de Waremme,Arrondissement Borgworm,Bezirk Waremme,TOTAL,407,14.0,150000.0,160000.0,300000.0,265.0,381.0,670.0
70832,64000,Arrondissement de Waremme,Arrondissement Borgworm,Bezirk Waremme,TOTAL,539,23.0,60000.0,99750.0,215000.0,195.0,491.0,1498.0
70848,71000,Arrondissement de Hasselt,Arrondissement Hasselt,Bezirk Hasselt,CESSION,1,13.0,10600.0,17800.0,25000.0,1708.0,2997.0,6394.0
70849,71000,Arrondissement de Hasselt,Arrondissement Hasselt,Bezirk Hasselt,CESSION,2,22.0,5482.5,5482.5,5482.5,1450.0,2397.5,5900.0
70875,71000,Arrondissement de Hasselt,Arrondissement Hasselt,Bezirk Hasselt,CESSION,35,24.0,10000.0,10000.0,10000.0,1626.5,3880.0,10767.5
70899,71000,Arrondissement de Hasselt,Arrondissement Hasselt,Bezirk Hasselt,CESSION,70,23.0,15000.0,15000.0,15000.0,110.0,174.0,593.0
70907,71000,Arrondissement de Hasselt,Arrondissement Hasselt,Bezirk Hasselt,CESSION,78,12.0,100000.0,114500.0,129000.0,426.0,491.0,809.0
70917,71000,Arrondissement de Hasselt,Arrondissement Hasselt,Bezirk Hasselt,CESSION,200,76.0,150000.0,200000.0,270000.0,514.5,826.5,980.0
71163,71000,Arrondissement de Hasselt,Arrondissement Hasselt,Bezirk Hasselt,COMMUNAUTE,200,93.0,43000.0,43000.0,43000.0,468.0,772.0,1138.0
71340,71000,Arrondissement de Hasselt,Arrondissement Hasselt,Bezirk Hasselt,DONATIMMEUB,1,56.0,3500.0,150000.0,150000.0,1879.0,2937.5,5496.5
71341,71000,Arrondissement de Hasselt,Arrondissement Hasselt,Bezirk Hasselt,DONATIMMEUB,2,29.0,7000.0,7000.0,7000.0,501.0,1143.0,3515.0
71343,71000,Arrondissement de Hasselt,Arrondissement Hasselt,Bezirk Hasselt,DONATIMMEUB,4,7.0,2250.0,2250.0,2250.0,439.0,675.0,1141.0
71391,71000,Arrondissement de Hasselt,Arrondissement Hasselt,Bezirk Hasselt,DONATIMMEUB,70,22.0,85000.0,85000.0,85000.0,271.0,781.5,1128.0
71399,71000,Arrondissement de Hasselt,Arrondissement Hasselt,Bezirk Hasselt,DONATIMMEUB,78,33.0,85000.0,131250.0,150000.0,570.0,817.0,989.0
71409,71000,Arrondissement de Hasselt,Arrondissement Hasselt,Bezirk Hasselt,DONATIMMEUB,200,117.0,145000.0,180000.0,225000.0,403.5,642.0,1122.0
71418,71000,Arrondissement de Hasselt,Arrondissement Hasselt,Bezirk Hasselt,DONATIMMEUB,222,5.0,150000.0,299970.0,325000.0,554.0,580.0,605.0
71495,71000,Arrondissement de Hasselt,Arrondissement Hasselt,Bezirk Hasselt,DONATIMMEUB,407,9.0,150000.0,150000.0,200000.0,167.0,248.0,307.0
71586,71000,Arrondissement de Hasselt,Arrondissement Hasselt,Bezirk Hasselt,OTHER,1,41.0,1260.0,3660.0,3690.0,1119.0,2046.0,5470.0
71587,71000,Arrondissement de Hasselt,Arrondissement Hasselt,Bezirk Hasselt,OTHER,2,29.0,1920.0,220960.0,440000.0,1121.0,1766.0,3556.0
71594,71000,Arrondissement de Hasselt,Arrondissement Hasselt,Bezirk Hasselt,OTHER,9,5.0,57.0,1541.5,4448.5,2056.0,2402.0,2952.0
71613,71000,Arrondissement de Hasselt,Arrondissement Hasselt,Bezirk Hasselt,OTHER,35,9.0,5160.0,488580.0,972000.0,53.0,1078.0,1720.0
71637,71000,Arrondissement de Hasselt,Arrondissement Hasselt,Bezirk Hasselt,OTHER,70,65.0,88200.0,88200.0,88200.0,254.0,865.0,1637.0
71645,71000,Arrondissement de Hasselt,Arrondissement Hasselt,Bezirk Hasselt,OTHER,78,100.0,4130.0,15000.0,25875.0,266.5,388.0,731.0
71655,71000,Arrondissement de Hasselt,Arrondissement Hasselt,Bezirk Hasselt,OTHER,200,231.0,143500.0,200000.0,250000.0,552.0,800.0,1071.0
71722,71000,Arrondissement de Hasselt,Arrondissement Hasselt,Bezirk Hasselt,OTHER,371,6.0,1188000.0,1188000.0,1188000.0,4995.0,9116.0,10088.0
71891,71000,Arrondissement de Hasselt,Arrondissement Hasselt,Bezirk Hasselt,PARTAGE,78,14.0,57500.0,57500.0,57500.0,520.0,566.5,908.0
71901,71000,Arrondissement de Hasselt,Arrondissement Hasselt,Bezirk Hasselt,PARTAGE,200,76.0,70000.0,177500.0,260000.0,375.0,699.0,915.0
72078,71000,Arrondissement de Hasselt,Arrondissement Hasselt,Bezirk Hasselt,SUCCNALAT,1,179.0,2500.0,7530.0,20800.0,1000.0,2000.0,3870.0
72079,71000,Arrondissement de Hasselt,Arrondissement Hasselt,Bezirk Hasselt,SUCCNALAT,2,136.0,3720.0,8000.0,32305.0,1575.0,3720.0,7236.0
72080,71000,Arrondissement de Hasselt,Arrondissement Hasselt,Bezirk Hasselt,SUCCNALAT,3,51.0,2415.0,4560.0,10713.5,920.0,2542.0,4829.0
72081,71000,Arrondissement de Hasselt,Arrondissement Hasselt,Bezirk Hasselt,SUCCNALAT,4,21.0,2000.0,7000.0,50000.0,371.0,457.0,769.0
72086,71000,Arrondissement de Hasselt,Arrondissement Hasselt,Bezirk Hasselt,SUCCNALAT,9,78.0,2205.0,4580.0,11000.0,1350.0,2642.0,4390.0
72087,71000,Arrondissement de Hasselt,Arrondissement Hasselt,Bezirk Hasselt,SUCCNALAT,10,17.0,3090.0,12500.0,40000.0,880.0,1849.0,3713.0
72088,71000,Arrondissement de Hasselt,Arrondissement Hasselt,Bezirk Hasselt,SUCCNALAT,11,68.0,8732.5,14210.0,45325.0,1370.0,3345.0,6655.0
72103,71000,Arrondissement de Hasselt,Arrondissement Hasselt,Bezirk Hasselt,SUCCNALAT,33,12.0,350.0,836.0,1000.0,111.5,230.5,449.0
72105,71000,Arrondissement de Hasselt,Arrondissement Hasselt,Bezirk Hasselt,SUCCNALAT,35,32.0,900.0,3450.0,5000.0,811.5,1253.5,3731.5
72129,71000,Arrondissement de Hasselt,Arrondissement Hasselt,Bezirk Hasselt,SUCCNALAT,70,18.0,4500.0,77250.0,145000.0,215.0,411.0,1436.0
72137,71000,Arrondissement de Hasselt,Arrondissement Hasselt,Bezirk Hasselt,SUCCNALAT,78,14.0,5054.0,92500.0,112500.0,594.0,807.5,1000.0
72147,71000,Arrondissement de Hasselt,Arrondissement Hasselt,Bezirk Hasselt,SUCCNALAT,200,432.0,150000.0,175000.0,210000.0,406.0,779.5,1099.0
72151,71000,Arrondissement de Hasselt,Arrondissement Hasselt,Bezirk Hasselt,SUCCNALAT,204,5.0,7500.0,20000.0,25000.0,21.0,70.0,109.0
72158,71000,Arrondissement de Hasselt,Arrondissement Hasselt,Bezirk Hasselt,SUCCNALAT,240,15.0,150000.0,180000.0,210000.0,1053.0,1396.0,2585.0
72165,71000,Arrondissement de Hasselt,Arrondissement Hasselt,Bezirk Hasselt,SUCCNALAT,247,7.0,3100.0,4600.0,7050.0,60.0,110.0,400.0
72233,71000,Arrondissement de Hasselt,Arrondissement Hasselt,Bezirk Hasselt,SUCCNALAT,407,8.0,176000.0,225000.0,273500.0,161.5,472.0,761.5
72324,71000,Arrondissement de Hasselt,Arrondissement Hasselt,Bezirk Hasselt,VENTEIMMEUB,1,147.0,17000.0,40432.0,130000.0,1102.0,2860.0,6684.0
72325,71000,Arrondissement de Hasselt,Arrondissement Hasselt,Bezirk Hasselt,VENTEIMMEUB,2,104.0,10000.0,18199.75,137000.0,915.0,2175.0,4933.5
72326,71000,Arrondissement de Hasselt,Arrondissement Hasselt,Bezirk Hasselt,VENTEIMMEUB,3,39.0,4500.0,8000.0,139000.0,1740.0,2994.0,4473.0
72327,71000,Arrondissement de Hasselt,Arrondissement Hasselt,Bezirk Hasselt,VENTEIMMEUB,4,37.0,9000.0,47500.0,120000.0,246.0,393.0,608.0
72332,71000,Arrondissement de Hasselt,Arrondissement Hasselt,Bezirk Hasselt,VENTEIMMEUB,9,31.0,4500.0,8500.0,19658.0,700.0,1620.0,3254.0
72333,71000,Arrondissement de Hasselt,Arrondissement Hasselt,Bezirk Hasselt,VENTEIMMEUB,10,35.0,8451.5,20500.0,130500.0,850.0,1440.0,2328.0
72334,71000,Arrondissement de Hasselt,Arrondissement Hasselt,Bezirk Hasselt,VENTEIMMEUB,11,21.0,4000.0,7500.0,72494.225,2000.0,4636.0,8263.0
72351,71000,Arrondissement de Hasselt,Arrondissement Hasselt,Bezirk Hasselt,VENTEIMMEUB,35,22.0,2397.0,6000.0,81000.0,314.0,510.5,1072.0
72352,71000,Arrondissement de Hasselt,Arrondissement Hasselt,Bezirk Hasselt,VENTEIMMEUB,36,7.0,5000.0,127000.0,135000.0,590.0,1125.0,2760.0
72375,71000,Arrondissement de Hasselt,Arrondissement Hasselt,Bezirk Hasselt,VENTEIMMEUB,70,189.0,3225.0,9000.0,102500.0,49.0,200.0,722.0
72383,71000,Arrondissement de Hasselt,Arrondissement Hasselt,Bezirk Hasselt,VENTEIMMEUB,78,252.0,98000.0,125000.0,210000.0,397.0,540.0,760.0
72393,71000,Arrondissement de Hasselt,Arrondissement Hasselt,Bezirk Hasselt,VENTEIMMEUB,200,713.0,175000.0,218914.34,275000.0,355.0,670.0,980.0
72396,71000,Arrondissement de Hasselt,Arrondissement Hasselt,Bezirk Hasselt,VENTEIMMEUB,203,6.0,115000.0,291023.95,939417.44,20.0,297.0,455.0
72397,71000,Arrondissement de Hasselt,Arrondissement Hasselt,Bezirk Hasselt,VENTEIMMEUB,204,14.0,22000.0,55000.0,115500.0,17.0,19.5,48.0
72402,71000,Arrondissement de Hasselt,Arrondissement Hasselt,Bezirk Hasselt,VENTEIMMEUB,222,5.0,307500.0,320000.0,407500.0,179.0,220.0,267.0
72404,71000,Arrondissement de Hasselt,Arrondissement Hasselt,Bezirk Hasselt,VENTEIMMEUB,240,6.0,315000.0,315000.0,315000.0,890.0,1352.0,2204.0
72411,71000,Arrondissement de Hasselt,Arrondissement Hasselt,Bezirk Hasselt,VENTEIMMEUB,247,8.0,38500.0,38500.0,38500.0,32.5,351.5,1113.0
72460,71000,Arrondissement de Hasselt,Arrondissement Hasselt,Bezirk Hasselt,VENTEIMMEUB,371,5.0,400000.0,553000.0,830500.0,1650.0,3821.0,4592.0
72474,71000,Arrondissement de Hasselt,Arrondissement Hasselt,Bezirk Hasselt,VENTEIMMEUB,402,6.0,344555.0,1244750.0,2324750.0,219.0,1507.5,2712.0
72479,71000,Arrondissement de Hasselt,Arrondissement Hasselt,Bezirk Hasselt,VENTEIMMEUB,407,41.0,180000.0,221000.0,330000.0,180.0,370.0,750.0
72527,71000,Arrondissement de Hasselt,Arrondissement Hasselt,Bezirk Hasselt,VENTEIMMEUB,503,8.0,25000.0,74500.0,77000.0,587.0,1233.0,1640.0
72554,71000,Arrondissement de Hasselt,Arrondissement Hasselt,Bezirk Hasselt,VENTEIMMEUB,539,10.0,114500.0,195000.0,3492500.0,427.0,1818.0,31243.0
72639,71000,Arrondissement de Hasselt,Arrondissement Hasselt,Bezirk Hasselt,VENTEPUBIMMEUB,200,16.0,121000.0,142000.0,185000.0,409.5,680.5,1643.0
72816,71000,Arrondissement de Hasselt,Arrondissement Hasselt,Bezirk Hasselt,TOTAL,1,453.0,3500.0,10500.0,35864.0,1119.0,2450.0,5081.0
72817,71000,Arrondissement de Hasselt,Arrondissement Hasselt,Bezirk Hasselt,TOTAL,2,337.0,5000.0,10000.0,40000.0,1115.0,2670.0,5649.0
72818,71000,Arrondissement de Hasselt,Arrondissement Hasselt,Bezirk Hasselt,TOTAL,3,102.0,3125.0,5710.0,15338.5,1162.0,2578.5,4473.0
72819,71000,Arrondissement de Hasselt,Arrondissement Hasselt,Bezirk Hasselt,TOTAL,4,85.0,2250.0,10000.0,80000.0,305.0,470.0,740.0
72824,71000,Arrondissement de Hasselt,Arrondissement Hasselt,Bezirk Hasselt,TOTAL,9,141.0,2010.0,4600.0,11000.0,1069.0,2462.0,4140.0
72825,71000,Arrondissement de Hasselt,Arrondissement Hasselt,Bezirk Hasselt,TOTAL,10,69.0,6017.0,15000.0,126000.0,880.0,1646.0,3218.0
72826,71000,Arrondissement de Hasselt,Arrondissement Hasselt,Bezirk Hasselt,TOTAL,11,134.0,8225.0,13475.0,45325.0,2106.0,3766.0,7840.0
72836,71000,Arrondissement de Hasselt,Arrondissement Hasselt,Bezirk Hasselt,TOTAL,26,6.0,2000.0,7000.0,12000.0,1185.0,3853.0,5760.0
72841,71000,Arrondissement de Hasselt,Arrondissement Hasselt,Bezirk Hasselt,TOTAL,33,24.0,350.0,836.0,1000.0,115.0,247.0,640.0
72843,71000,Arrondissement de Hasselt,Arrondissement Hasselt,Bezirk Hasselt,TOTAL,35,95.0,2100.0,5000.0,20000.0,465.0,1221.0,4093.0
72844,71000,Arrondissement de Hasselt,Arrondissement Hasselt,Bezirk Hasselt,TOTAL,36,15.0,51975.0,116437.0,127000.0,590.0,1863.0,2966.0
72867,71000,Arrondissement de Hasselt,Arrondissement Hasselt,Bezirk Hasselt,TOTAL,70,338.0,3556.0,11000.0,120000.0,71.0,365.5,940.0
72875,71000,Arrondissement de Hasselt,Arrondissement Hasselt,Bezirk Hasselt,TOTAL,78,443.0,89504.91,121439.5,175000.0,378.0,545.0,811.0
72885,71000,Arrondissement de Hasselt,Arrondissement Hasselt,Bezirk Hasselt,TOTAL,200,1754.0,157950.0,200000.0,257000.0,411.0,720.0,1037.0
72888,71000,Arrondissement de Hasselt,Arrondissement Hasselt,Bezirk Hasselt,TOTAL,203,10.0,115000.0,291023.95,939417.44,42.0,297.0,4041.0
72889,71000,Arrondissement de Hasselt,Arrondissement Hasselt,Bezirk Hasselt,TOTAL,204,36.0,9500.0,22500.0,55000.0,18.0,21.5,146.0
72894,71000,Arrondissement de Hasselt,Arrondissement Hasselt,Bezirk Hasselt,TOTAL,222,18.0,299970.0,317500.0,350000.0,220.0,487.0,709.0
72896,71000,Arrondissement de Hasselt,Arrondissement Hasselt,Bezirk Hasselt,TOTAL,240,30.0,150000.0,160000.0,210000.0,1053.0,1396.0,2204.0
72901,71000,Arrondissement de Hasselt,Arrondissement Hasselt,Bezirk Hasselt,TOTAL,245,7.0,4160.0,18000.0,26700.0,27.0,416.0,1774.0
72903,71000,Arrondissement de Hasselt,Arrondissement Hasselt,Bezirk Hasselt,TOTAL,247,26.0,4200.0,7050.0,38500.0,42.0,227.5,497.0
72909,71000,Arrondissement de Hasselt,Arrondissement Hasselt,Bezirk Hasselt,TOTAL,265,12.0,200000.0,474000.0,840000.0,826.5,961.0,1518.0
72950,71000,Arrondissement de Hasselt,Arrondissement Hasselt,Bezirk Hasselt,TOTAL,357,8.0,570000.0,750000.0,2100650.0,3103.5,7749.5,12134.0
72952,71000,Arrondissement de Hasselt,Arrondissement Hasselt,Bezirk Hasselt,TOTAL,371,18.0,35000.0,425000.0,980000.0,360.0,2735.5,7878.0
72966,71000,Arrondissement de Hasselt,Arrondissement Hasselt,Bezirk Hasselt,TOTAL,402,6.0,344555.0,1244750.0,2324750.0,219.0,1507.5,2712.0
72971,71000,Arrondissement de Hasselt,Arrondissement Hasselt,Bezirk Hasselt,TOTAL,407,75.0,170000.0,217500.0,285000.0,167.0,350.0,750.0
73019,71000,Arrondissement de Hasselt,Arrondissement Hasselt,Bezirk Hasselt,TOTAL,503,16.0,25000.0,74500.0,77000.0,244.0,496.0,1233.0
73046,71000,Arrondissement de Hasselt,Arrondissement Hasselt,Bezirk Hasselt,TOTAL,539,24.0,122326.0,260000.0,1973750.0,436.0,1300.0,2614.0
73121,72000,Arrondissement de Maaseik,Arrondissement Maaseik,Bezirk Maaseik,CESSION,78,5.0,94000.0,94000.0,94000.0,234.0,295.0,567.0
73131,72000,Arrondissement de Maaseik,Arrondissement Maaseik,Bezirk Maaseik,CESSION,200,15.0,125000.0,180000.0,250000.0,479.0,810.0,1075.0
73554,72000,Arrondissement de Maaseik,Arrondissement Maaseik,Bezirk Maaseik,DONATIMMEUB,1,21.0,15000.0,15000.0,15000.0,1370.0,3010.0,4852.0
73555,72000,Arrondissement de Maaseik,Arrondissement Maaseik,Bezirk Maaseik,DONATIMMEUB,2,23.0,4110.6,27418.0,85000.0,920.0,1614.0,15680.0
73605,72000,Arrondissement de Maaseik,Arrondissement Maaseik,Bezirk Maaseik,DONATIMMEUB,70,10.0,1917.25,26100.0,66500.0,351.0,417.0,782.0
73613,72000,Arrondissement de Maaseik,Arrondissement Maaseik,Bezirk Maaseik,DONATIMMEUB,78,12.0,100000.0,120000.0,125000.0,548.0,900.0,1279.5
73623,72000,Arrondissement de Maaseik,Arrondissement Maaseik,Bezirk Maaseik,DONATIMMEUB,200,49.0,160000.0,179250.0,200000.0,451.0,752.0,1056.0
73800,72000,Arrondissement de Maaseik,Arrondissement Maaseik,Bezirk Maaseik,OTHER,1,25.0,500.0,1250.0,2000.0,996.0,1400.0,4360.0
73803,72000,Arrondissement de Maaseik,Arrondissement Maaseik,Bezirk Maaseik,OTHER,4,6.0,2160.0,2160.0,2160.0,186.0,410.0,614.0
73808,72000,Arrondissement de Maaseik,Arrondissement Maaseik,Bezirk Maaseik,OTHER,9,10.0,8378.0,14939.5,21501.0,825.0,2120.0,3140.0
73851,72000,Arrondissement de Maaseik,Arrondissement Maaseik,Bezirk Maaseik,OTHER,70,65.0,950.0,49666.75,243000.0,123.0,408.0,782.0
73859,72000,Arrondissement de Maaseik,Arrondissement Maaseik,Bezirk Maaseik,OTHER,78,45.0,9000.0,22500.0,140000.0,205.0,420.0,800.0
73865,72000,Arrondissement de Maaseik,Arrondissement Maaseik,Bezirk Maaseik,OTHER,164,5.0,16000.0,16000.0,16000.0,1132.0,1661.0,4708.0
73869,72000,Arrondissement de Maaseik,Arrondissement Maaseik,Bezirk Maaseik,OTHER,200,137.0,72500.0,149500.0,195000.0,527.0,782.0,1093.0
74047,72000,Arrondissement de Maaseik,Arrondissement Maaseik,Bezirk Maaseik,PARTAGE,2,16.0,27357.0,27357.0,27357.0,3615.0,5480.0,11469.5
74105,72000,Arrondissement de Maaseik,Arrondissement Maaseik,Bezirk Maaseik,PARTAGE,78,23.0,31650.0,86650.0,177500.0,571.0,700.0,882.0
74115,72000,Arrondissement de Maaseik,Arrondissement Maaseik,Bezirk Maaseik,PARTAGE,200,60.0,45000.0,132500.0,210000.0,473.0,729.0,1012.5
74292,72000,Arrondissement de Maaseik,Arrondissement Maaseik,Bezirk Maaseik,SUCCNALAT,1,83.0,8400.0,15719.5,25671.0,956.0,2447.0,5170.0
74293,72000,Arrondissement de Maaseik,Arrondissement Maaseik,Bezirk Maaseik,SUCCNALAT,2,91.0,1500.0,8000.0,20000.0,1060.0,2490.0,4924.0
74294,72000,Arrondissement de Maaseik,Arrondissement Maaseik,Bezirk Maaseik,SUCCNALAT,3,46.0,2700.0,5000.0,7500.0,920.0,1622.5,2500.0
74300,72000,Arrondissement de Maaseik,Arrondissement Maaseik,Bezirk Maaseik,SUCCNALAT,9,27.0,1160.0,5627.5,11500.0,800.0,1542.0,3770.0
74320,72000,Arrondissement de Maaseik,Arrondissement Maaseik,Bezirk Maaseik,SUCCNALAT,36,8.0,4150.0,5900.0,20000.0,1033.5,2820.5,10861.5
74351,72000,Arrondissement de Maaseik,Arrondissement Maaseik,Bezirk Maaseik,SUCCNALAT,78,25.0,100000.0,111000.0,125000.0,635.0,746.0,988.0
74361,72000,Arrondissement de Maaseik,Arrondissement Maaseik,Bezirk Maaseik,SUCCNALAT,200,177.0,163000.0,185000.0,220000.0,586.0,869.0,1237.0
74447,72000,Arrondissement de Maaseik,Arrondissement Maaseik,Bezirk Maaseik,SUCCNALAT,407,8.0,75000.0,75000.0,75000.0,227.0,611.5,908.5
74538,72000,Arrondissement de Maaseik,Arrondissement Maaseik,Bezirk Maaseik,VENTEIMMEUB,1,110.0,14000.0,48000.0,100000.0,1154.0,2151.0,6010.0
74539,72000,Arrondissement de Maaseik,Arrondissement Maaseik,Bezirk Maaseik,VENTEIMMEUB,2,84.0,10000.0,40000.0,120000.0,1094.5,2715.0,8500.0
74540,72000,Arrondissement de Maaseik,Arrondissement Maaseik,Bezirk Maaseik,VENTEIMMEUB,3,21.0,4000.0,4000.0,4000.0,725.0,865.0,1608.0
74541,72000,Arrondissement de Maaseik,Arrondissement Maaseik,Bezirk Maaseik,VENTEIMMEUB,4,17.0,500.0,6792.0,129000.0,372.0,553.0,795.0
74546,72000,Arrondissement de Maaseik,Arrondissement Maaseik,Bezirk Maaseik,VENTEIMMEUB,9,48.0,3035.0,5400.0,12000.0,773.5,1977.0,5530.0
74563,72000,Arrondissement de Maaseik,Arrondissement Maaseik,Bezirk Maaseik,VENTEIMMEUB,33,7.0,200.0,886.0,2950.0,353.0,590.0,1213.0
74565,72000,Arrondissement de Maaseik,Arrondissement Maaseik,Bezirk Maaseik,VENTEIMMEUB,35,11.0,2800.0,2800.0,2800.0,641.0,1850.0,2650.0
74566,72000,Arrondissement de Maaseik,Arrondissement Maaseik,Bezirk Maaseik,VENTEIMMEUB,36,12.0,5000.0,60000.0,100000.0,819.5,1633.5,4350.0
74589,72000,Arrondissement de Maaseik,Arrondissement Maaseik,Bezirk Maaseik,VENTEIMMEUB,70,176.0,2475.0,9800.0,95000.0,48.5,194.5,621.5
74597,72000,Arrondissement de Maaseik,Arrondissement Maaseik,Bezirk Maaseik,VENTEIMMEUB,78,135.0,77125.0,109000.0,149000.0,359.0,500.0,721.0
74607,72000,Arrondissement de Maaseik,Arrondissement Maaseik,Bezirk Maaseik,VENTEIMMEUB,200,427.0,177500.0,220000.0,277000.0,492.0,754.0,1169.0
74611,72000,Arrondissement de Maaseik,Arrondissement Maaseik,Bezirk Maaseik,VENTEIMMEUB,204,7.0,12000.0,12000.0,12000.0,18.0,23.0,73.0
74618,72000,Arrondissement de Maaseik,Arrondissement Maaseik,Bezirk Maaseik,VENTEIMMEUB,240,8.0,300000.0,300000.0,300000.0,1718.5,3513.5,6990.5
74625,72000,Arrondissement de Maaseik,Arrondissement Maaseik,Bezirk Maaseik,VENTEIMMEUB,247,6.0,80000.0,80000.0,80000.0,30.0,606.0,1016.0
74631,72000,Arrondissement de Maaseik,Arrondissement Maaseik,Bezirk Maaseik,VENTEIMMEUB,265,5.0,290000.0,337333.0,360000.0,1794.0,4621.0,6957.0
74693,72000,Arrondissement de Maaseik,Arrondissement Maaseik,Bezirk Maaseik,VENTEIMMEUB,407,15.0,119000.0,230000.0,330000.0,223.0,360.0,512.0
74741,72000,Arrondissement de Maaseik,Arrondissement Maaseik,Bezirk Maaseik,VENTEIMMEUB,503,11.0,68500.0,96750.0,125000.0,50.0,560.0,1309.0
74768,72000,Arrondissement de Maaseik,Arrondissement Maaseik,Bezirk Maaseik,VENTEIMMEUB,539,11.0,17000.0,131300.0,180000.0,406.0,1165.5,2308.0
74853,72000,Arrondissement de Maaseik,Arrondissement Maaseik,Bezirk Maaseik,VENTEPUBIMMEUB,200,10.0,130500.0,146500.0,198600.0,600.0,749.0,1194.0
75030,72000,Arrondissement de Maaseik,Arrondissement Maaseik,Bezirk Maaseik,TOTAL,1,310.0,8400.0,24000.0,90000.0,1170.0,2330.0,5416.0
75031,72000,Arrondissement de Maaseik,Arrondissement Maaseik,Bezirk Maaseik,TOTAL,2,250.0,4045.0,20000.0,50000.0,1005.0,2473.0,6290.0
75032,72000,Arrondissement de Maaseik,Arrondissement Maaseik,Bezirk Maaseik,TOTAL,3,82.0,2700.0,4500.0,7500.0,850.0,1540.0,3020.0
75033,72000,Arrondissement de Maaseik,Arrondissement Maaseik,Bezirk Maaseik,TOTAL,4,42.0,1330.0,4476.0,67896.0,365.0,562.5,851.0
75038,72000,Arrondissement de Maaseik,Arrondissement Maaseik,Bezirk Maaseik,TOTAL,9,97.0,2450.0,5627.5,12000.0,820.0,2160.0,5158.0
75039,72000,Arrondissement de Maaseik,Arrondissement Maaseik,Bezirk Maaseik,TOTAL,10,9.0,2500.0,2500.0,2500.0,939.0,1042.0,1680.0
75055,72000,Arrondissement de Maaseik,Arrondissement Maaseik,Bezirk Maaseik,TOTAL,33,15.0,543.0,1918.0,3325.0,225.0,507.0,720.0
75057,72000,Arrondissement de Maaseik,Arrondissement Maaseik,Bezirk Maaseik,TOTAL,35,24.0,2800.0,2800.0,2800.0,893.0,1583.5,2437.5
75058,72000,Arrondissement de Maaseik,Arrondissement Maaseik,Bezirk Maaseik,TOTAL,36,29.0,4750.0,20000.0,100000.0,877.0,1788.0,4035.0
75081,72000,Arrondissement de Maaseik,Arrondissement Maaseik,Bezirk Maaseik,TOTAL,70,292.0,2200.0,11800.0,95000.0,58.5,276.5,803.5
75089,72000,Arrondissement de Maaseik,Arrondissement Maaseik,Bezirk Maaseik,TOTAL,78,255.0,75000.0,109000.0,135000.0,366.0,556.0,840.0
75095,72000,Arrondissement de Maaseik,Arrondissement Maaseik,Bezirk Maaseik,TOTAL,164,5.0,16000.0,16000.0,16000.0,1132.0,1661.0,4708.0
75099,72000,Arrondissement de Maaseik,Arrondissement Maaseik,Bezirk Maaseik,TOTAL,200,932.0,170000.0,200000.0,260000.0,520.0,793.0,1160.0
75103,72000,Arrondissement de Maaseik,Arrondissement Maaseik,Bezirk Maaseik,TOTAL,204,11.0,12000.0,12000.0,12000.0,18.0,34.0,492.0
75108,72000,Arrondissement de Maaseik,Arrondissement Maaseik,Bezirk Maaseik,TOTAL,222,6.0,300000.0,325000.0,350000.0,305.0,343.0,503.0
75110,72000,Arrondissement de Maaseik,Arrondissement Maaseik,Bezirk Maaseik,TOTAL,240,18.0,100897.0,200448.5,300000.0,1440.0,2622.5,9202.0
75117,72000,Arrondissement de Maaseik,Arrondissement Maaseik,Bezirk Maaseik,TOTAL,247,12.0,80000.0,105000.0,130000.0,200.5,582.5,2418.0
75123,72000,Arrondissement de Maaseik,Arrondissement Maaseik,Bezirk Maaseik,TOTAL,265,7.0,215000.0,313666.5,348666.5,457.0,1794.0,6957.0
75164,72000,Arrondissement de Maaseik,Arrondissement Maaseik,Bezirk Maaseik,TOTAL,357,6.0,215000.0,245580.0,300000.0,684.0,1029.5,5337.0
75166,72000,Arrondissement de Maaseik,Arrondissement Maaseik,Bezirk Maaseik,TOTAL,371,9.0,130000.0,362500.0,595000.0,1466.0,2852.0,7032.0
75185,72000,Arrondissement de Maaseik,Arrondissement Maaseik,Bezirk Maaseik,TOTAL,407,30.0,112000.0,225000.0,320000.0,249.0,493.0,693.0
75233,72000,Arrondissement de Maaseik,Arrondissement Maaseik,Bezirk Maaseik,TOTAL,503,19.0,45500.0,96750.0,152500.0,28.5,254.0,1466.5
75260,72000,Arrondissement de Maaseik,Arrondissement Maaseik,Bezirk Maaseik,TOTAL,539,22.0,17000.0,131300.0,180000.0,963.0,1368.0,2391.0
75276,73000,Arrondissement de Tongres,Arrondissement Tongeren,Bezirk Tongeren,CESSION,1,13.0,46328.62,46328.62,46328.62,1030.0,1620.0,4040.0
75327,73000,Arrondissement de Tongres,Arrondissement Tongeren,Bezirk Tongeren,CESSION,70,6.0,1866.0,64933.0,128000.0,21.0,70.0,278.0
75335,73000,Arrondissement de Tongres,Arrondissement Tongeren,Bezirk Tongeren,CESSION,78,10.0,100000.0,177500.0,255000.0,465.0,698.0,900.0
75345,73000,Arrondissement de Tongres,Arrondissement Tongeren,Bezirk Tongeren,CESSION,200,36.0,155000.0,221500.0,322500.0,290.0,596.5,1164.0
75431,73000,Arrondissement de Tongres,Arrondissement Tongeren,Bezirk Tongeren,CESSION,407,6.0,245000.0,245000.0,245000.0,241.0,329.5,585.0
75768,73000,Arrondissement de Tongres,Arrondissement Tongeren,Bezirk Tongeren,DONATIMMEUB,1,58.0,12800.0,12800.0,12800.0,1109.0,2166.0,4081.0
75769,73000,Arrondissement de Tongres,Arrondissement Tongeren,Bezirk Tongeren,DONATIMMEUB,2,23.0,100000.0,100000.0,100000.0,600.0,1271.0,4986.0
75771,73000,Arrondissement de Tongres,Arrondissement Tongeren,Bezirk Tongeren,DONATIMMEUB,4,6.0,155000.0,155000.0,155000.0,224.0,550.5,1029.0
75777,73000,Arrondissement de Tongres,Arrondissement Tongeren,Bezirk Tongeren,DONATIMMEUB,10,10.0,130000.0,130000.0,130000.0,877.0,1474.0,1899.0
75819,73000,Arrondissement de Tongres,Arrondissement Tongeren,Bezirk Tongeren,DONATIMMEUB,70,10.0,2800.0,71610.0,77220.0,288.0,496.5,651.0
75827,73000,Arrondissement de Tongres,Arrondissement Tongeren,Bezirk Tongeren,DONATIMMEUB,78,8.0,120000.0,130000.0,140000.0,419.0,758.5,882.5
75837,73000,Arrondissement de Tongres,Arrondissement Tongeren,Bezirk Tongeren,DONATIMMEUB,200,62.0,140000.0,151500.0,215000.0,438.0,753.5,1250.0
76014,73000,Arrondissement de Tongres,Arrondissement Tongeren,Bezirk Tongeren,OTHER,1,45.0,2950.0,2950.0,2950.0,944.0,2936.0,4458.0
76065,73000,Arrondissement de Tongres,Arrondissement Tongeren,Bezirk Tongeren,OTHER,70,46.0,337.5,12668.75,25000.0,167.0,384.0,1011.0
76083,73000,Arrondissement de Tongres,Arrondissement Tongeren,Bezirk Tongeren,OTHER,200,128.0,200000.0,230000.0,310000.0,481.0,724.0,1097.0
76217,73000,Arrondissement de Tongres,Arrondissement Tongeren,Bezirk Tongeren,OTHER,503,6.0,88209.185,143218.37,145109.185,285.0,317.5,351.0
76261,73000,Arrondissement de Tongres,Arrondissement Tongeren,Bezirk Tongeren,PARTAGE,2,9.0,85000.0,85000.0,85000.0,2830.0,3432.0,4986.0
76269,73000,Arrondissement de Tongres,Arrondissement Tongeren,Bezirk Tongeren,PARTAGE,10,12.0,162500.0,162500.0,162500.0,884.0,1699.0,2163.0
76329,73000,Arrondissement de Tongres,Arrondissement Tongeren,Bezirk Tongeren,PARTAGE,200,47.0,157500.0,195000.0,242500.0,346.0,611.0,1250.0
76506,73000,Arrondissement de Tongres,Arrondissement Tongeren,Bezirk Tongeren,SUCCNALAT,1,276.0,2908.5,7550.0,18326.5,922.5,1753.5,3392.0
76507,73000,Arrondissement de Tongres,Arrondissement Tongeren,Bezirk Tongeren,SUCCNALAT,2,112.0,4000.0,12500.0,27780.0,964.5,2024.5,4502.5
76508,73000,Arrondissement de Tongres,Arrondissement Tongeren,Bezirk Tongeren,SUCCNALAT,3,28.0,1917.0,2727.0,3825.0,690.0,1414.0,2185.0
76509,73000,Arrondissement de Tongres,Arrondissement Tongeren,Bezirk Tongeren,SUCCNALAT,4,25.0,91.0,4500.0,40000.0,116.0,370.0,470.0
76514,73000,Arrondissement de Tongres,Arrondissement Tongeren,Bezirk Tongeren,SUCCNALAT,9,13.0,2630.0,4200.0,52000.0,960.0,1330.0,1515.0
76515,73000,Arrondissement de Tongres,Arrondissement Tongeren,Bezirk Tongeren,SUCCNALAT,10,86.0,3679.0,14500.0,167500.0,950.0,1702.5,3002.0
76516,73000,Arrondissement de Tongres,Arrondissement Tongeren,Bezirk Tongeren,SUCCNALAT,11,14.0,7800.0,92500.0,92500.0,833.0,1930.5,2960.0
76517,73000,Arrondissement de Tongres,Arrondissement Tongeren,Bezirk Tongeren,SUCCNALAT,13,13.0,5542750.0,5542750.0,5542750.0,680.0,810.0,1370.0
76534,73000,Arrondissement de Tongres,Arrondissement Tongeren,Bezirk Tongeren,SUCCNALAT,36,5.0,20400.0,20400.0,20400.0,810.0,920.0,920.0
76557,73000,Arrondissement de Tongres,Arrondissement Tongeren,Bezirk Tongeren,SUCCNALAT,70,8.0,76650.0,80000.0,758888.0,145.0,485.5,953.5
76565,73000,Arrondissement de Tongres,Arrondissement Tongeren,Bezirk Tongeren,SUCCNALAT,78,8.0,75000.0,82750.0,85650.0,484.5,721.0,950.5
76575,73000,Arrondissement de Tongres,Arrondissement Tongeren,Bezirk Tongeren,SUCCNALAT,200,258.0,135000.0,170000.0,200000.0,420.0,673.0,1058.0
76586,73000,Arrondissement de Tongres,Arrondissement Tongeren,Bezirk Tongeren,SUCCNALAT,240,16.0,136000.0,185000.0,221002.5,702.0,1214.5,1844.5
76593,73000,Arrondissement de Tongres,Arrondissement Tongeren,Bezirk Tongeren,SUCCNALAT,247,16.0,2821.0,27500.0,60000.0,52.5,215.0,1042.0
76709,73000,Arrondissement de Tongres,Arrondissement Tongeren,Bezirk Tongeren,SUCCNALAT,503,5.0,10000.0,10000.0,10000.0,30.0,136.0,414.0
76752,73000,Arrondissement de Tongres,Arrondissement Tongeren,Bezirk Tongeren,VENTEIMMEUB,1,180.0,9193.5,16375.5,50000.0,1307.0,2672.5,4682.5
76753,73000,Arrondissement de Tongres,Arrondissement Tongeren,Bezirk Tongeren,VENTEIMMEUB,2,52.0,7375.0,18156.4,27787.5,1562.5,3576.5,9676.0
76754,73000,Arrondissement de Tongres,Arrondissement Tongeren,Bezirk Tongeren,VENTEIMMEUB,3,26.0,6000.0,12112.5,20000.0,1556.0,2975.0,6445.0
76755,73000,Arrondissement de Tongres,Arrondissement Tongeren,Bezirk Tongeren,VENTEIMMEUB,4,35.0,2300.0,3000.0,30500.0,155.0,344.0,640.0
76760,73000,Arrondissement de Tongres,Arrondissement Tongeren,Bezirk Tongeren,VENTEIMMEUB,9,18.0,3500.0,3500.0,7434.0,531.0,2062.0,3277.0
76761,73000,Arrondissement de Tongres,Arrondissement Tongeren,Bezirk Tongeren,VENTEIMMEUB,10,47.0,4000.0,15000.0,36400.0,530.0,1505.0,2997.0
76762,73000,Arrondissement de Tongres,Arrondissement Tongeren,Bezirk Tongeren,VENTEIMMEUB,11,32.0,16250.0,20331.0,47802.0,1781.0,3630.0,5932.0
76779,73000,Arrondissement de Tongres,Arrondissement Tongeren,Bezirk Tongeren,VENTEIMMEUB,35,7.0,4000.0,4000.0,4000.0,87.0,1660.0,2480.0
76803,73000,Arrondissement de Tongres,Arrondissement Tongeren,Bezirk Tongeren,VENTEIMMEUB,70,98.0,3500.0,33565.0,97500.0,42.0,316.0,670.0
76811,73000,Arrondissement de Tongres,Arrondissement Tongeren,Bezirk Tongeren,VENTEIMMEUB,78,120.0,82500.0,164250.0,204200.0,335.0,414.0,526.5
76821,73000,Arrondissement de Tongres,Arrondissement Tongeren,Bezirk Tongeren,VENTEIMMEUB,200,385.0,147500.0,190000.0,250000.0,311.0,573.0,872.0
76824,73000,Arrondissement de Tongres,Arrondissement Tongeren,Bezirk Tongeren,VENTEIMMEUB,203,6.0,50000.0,50000.0,50000.0,65.0,139.5,322.0
76825,73000,Arrondissement de Tongres,Arrondissement Tongeren,Bezirk Tongeren,VENTEIMMEUB,204,8.0,80000.0,80000.0,80000.0,40.5,54.5,263.0
76832,73000,Arrondissement de Tongres,Arrondissement Tongeren,Bezirk Tongeren,VENTEIMMEUB,240,7.0,146500.0,184000.0,225000.0,815.0,1145.0,3846.0
76839,73000,Arrondissement de Tongres,Arrondissement Tongeren,Bezirk Tongeren,VENTEIMMEUB,247,14.0,80000.0,80000.0,80000.0,28.0,70.5,173.0
76907,73000,Arrondissement de Tongres,Arrondissement Tongeren,Bezirk Tongeren,VENTEIMMEUB,407,17.0,105000.0,138500.0,210000.0,172.0,359.0,545.0
76982,73000,Arrondissement de Tongres,Arrondissement Tongeren,Bezirk Tongeren,VENTEIMMEUB,539,6.0,185000.0,185000.0,185000.0,17.0,17.0,17.0
77067,73000,Arrondissement de Tongres,Arrondissement Tongeren,Bezirk Tongeren,VENTEPUBIMMEUB,200,11.0,117000.0,151000.0,170200.0,193.0,446.0,585.0
77244,73000,Arrondissement de Tongres,Arrondissement Tongeren,Bezirk Tongeren,TOTAL,1,610.0,3278.0,10736.665,25800.0,1056.0,2100.0,4141.0
77245,73000,Arrondissement de Tongres,Arrondissement Tongeren,Bezirk Tongeren,TOTAL,2,253.0,4250.0,16500.0,30000.0,970.0,2240.0,4970.0
77246,73000,Arrondissement de Tongres,Arrondissement Tongeren,Bezirk Tongeren,TOTAL,3,69.0,2500.0,5580.0,12375.0,860.0,2030.0,3531.0
77247,73000,Arrondissement de Tongres,Arrondissement Tongeren,Bezirk Tongeren,TOTAL,4,83.0,2300.0,3750.0,49000.0,130.0,355.0,644.0
77252,73000,Arrondissement de Tongres,Arrondissement Tongeren,Bezirk Tongeren,TOTAL,9,37.0,3500.0,3850.0,7434.0,740.0,1515.0,3277.0
77253,73000,Arrondissement de Tongres,Arrondissement Tongeren,Bezirk Tongeren,TOTAL,10,181.0,4113.0,15000.0,130000.0,877.0,1693.0,2885.0
77254,73000,Arrondissement de Tongres,Arrondissement Tongeren,Bezirk Tongeren,TOTAL,11,69.0,14000.0,21108.0,92500.0,1887.0,3518.0,6305.0
77255,73000,Arrondissement de Tongres,Arrondissement Tongeren,Bezirk Tongeren,TOTAL,13,13.0,5542750.0,5542750.0,5542750.0,680.0,810.0,1370.0
77271,73000,Arrondissement de Tongres,Arrondissement Tongeren,Bezirk Tongeren,TOTAL,35,23.0,4000.0,4000.0,4000.0,87.0,252.0,1660.0
77272,73000,Arrondissement de Tongres,Arrondissement Tongeren,Bezirk Tongeren,TOTAL,36,9.0,8445.0,17025.0,46200.0,810.0,920.0,1814.0
77295,73000,Arrondissement de Tongres,Arrondissement Tongeren,Bezirk Tongeren,TOTAL,70,179.0,3150.0,38300.0,94750.0,100.0,352.0,901.0
77303,73000,Arrondissement de Tongres,Arrondissement Tongeren,Bezirk Tongeren,TOTAL,78,194.0,82500.0,152500.0,202000.0,337.0,449.0,661.0
77313,73000,Arrondissement de Tongres,Arrondissement Tongeren,Bezirk Tongeren,TOTAL,200,986.0,145000.0,190000.0,240000.0,380.0,634.0,993.0
77316,73000,Arrondissement de Tongres,Arrondissement Tongeren,Bezirk Tongeren,TOTAL,203,13.0,9000.0,50000.0,260000.0,65.0,285.0,326.0
77317,73000,Arrondissement de Tongres,Arrondissement Tongeren,Bezirk Tongeren,TOTAL,204,29.0,7980.0,43990.0,80000.0,22.0,52.0,148.0
77322,73000,Arrondissement de Tongres,Arrondissement Tongeren,Bezirk Tongeren,TOTAL,222,13.0,90000.0,173750.0,206250.0,198.0,345.0,910.0
77324,73000,Arrondissement de Tongres,Arrondissement Tongeren,Bezirk Tongeren,TOTAL,240,34.0,132000.0,165000.0,216505.0,754.0,1438.0,2330.0
77331,73000,Arrondissement de Tongres,Arrondissement Tongeren,Bezirk Tongeren,TOTAL,247,37.0,5000.0,50000.0,70000.0,37.0,137.0,706.0
77399,73000,Arrondissement de Tongres,Arrondissement Tongeren,Bezirk Tongeren,TOTAL,407,38.0,105000.0,190000.0,225000.0,172.0,320.5,585.0
77445,73000,Arrondissement de Tongres,Arrondissement Tongeren,Bezirk Tongeren,TOTAL,501,7.0,1220000.0,1220000.0,1220000.0,38.0,127.0,6976.0
77447,73000,Arrondissement de Tongres,Arrondissement Tongeren,Bezirk Tongeren,TOTAL,503,14.0,33200.0,143218.37,143218.37,30.0,282.0,351.0
77474,73000,Arrondissement de Tongres,Arrondissement Tongeren,Bezirk Tongeren,TOTAL,539,9.0,185000.0,185000.0,185000.0,2.0,9.5,17.0
77490,81000,Arrondissement d'Arlon,Arrondissement Aarlen,Bezirk Arlon,CESSION,1,7.0,60000.0,60000.0,60000.0,1670.0,2840.0,3216.0
77559,81000,Arrondissement d'Arlon,Arrondissement Aarlen,Bezirk Arlon,CESSION,200,17.0,180000.0,274250.0,375000.0,268.0,538.0,1143.0
77982,81000,Arrondissement d'Arlon,Arrondissement Aarlen,Bezirk Arlon,DONATIMMEUB,1,15.0,55000.0,177500.0,300000.0,1340.0,1580.0,2950.0
78051,81000,Arrondissement d'Arlon,Arrondissement Aarlen,Bezirk Arlon,DONATIMMEUB,200,5.0,160000.0,160000.0,160000.0,300.0,475.0,484.0
78297,81000,Arrondissement d'Arlon,Arrondissement Aarlen,Bezirk Arlon,OTHER,200,16.0,180000.0,195000.0,210000.0,200.0,559.5,1195.0
78543,81000,Arrondissement d'Arlon,Arrondissement Aarlen,Bezirk Arlon,PARTAGE,200,11.0,200000.0,270000.0,350000.0,382.0,765.0,1200.0
78720,81000,Arrondissement d'Arlon,Arrondissement Aarlen,Bezirk Arlon,SUCCNALAT,1,93.0,735.0,1900.0,4227.3,1540.0,2590.0,4194.0
78721,81000,Arrondissement d'Arlon,Arrondissement Aarlen,Bezirk Arlon,SUCCNALAT,2,10.0,15000.0,20000.0,60000.0,4030.0,6282.0,20100.0
78722,81000,Arrondissement d'Arlon,Arrondissement Aarlen,Bezirk Arlon,SUCCNALAT,3,37.0,519.68,782.72,4175.25,688.0,1860.0,3410.0
78723,81000,Arrondissement d'Arlon,Arrondissement Aarlen,Bezirk Arlon,SUCCNALAT,4,10.0,200.0,350.0,500.0,164.0,335.0,480.0
78728,81000,Arrondissement d'Arlon,Arrondissement Aarlen,Bezirk Arlon,SUCCNALAT,9,31.0,160.0,525.0,1296.0,1263.0,1640.0,3890.0
78747,81000,Arrondissement d'Arlon,Arrondissement Aarlen,Bezirk Arlon,SUCCNALAT,35,6.0,235.9,711.0,1430.1,674.0,1245.0,2500.0
78789,81000,Arrondissement d'Arlon,Arrondissement Aarlen,Bezirk Arlon,SUCCNALAT,200,95.0,156500.0,207500.0,250000.0,356.0,603.0,957.0
78966,81000,Arrondissement d'Arlon,Arrondissement Aarlen,Bezirk Arlon,VENTEIMMEUB,1,106.0,1625.0,4000.0,25037.5,1380.0,2200.0,3280.0
78967,81000,Arrondissement d'Arlon,Arrondissement Aarlen,Bezirk Arlon,VENTEIMMEUB,2,16.0,3500.0,21755.0,120000.0,1086.5,2370.0,4416.5
78968,81000,Arrondissement d'Arlon,Arrondissement Aarlen,Bezirk Arlon,VENTEIMMEUB,3,57.0,2000.0,5500.0,10000.0,730.0,1385.0,3480.0
78969,81000,Arrondissement d'Arlon,Arrondissement Aarlen,Bezirk Arlon,VENTEIMMEUB,4,23.0,150.0,4000.0,41000.0,180.0,329.0,560.0
78973,81000,Arrondissement d'Arlon,Arrondissement Aarlen,Bezirk Arlon,VENTEIMMEUB,8,6.0,180000.0,180000.0,180000.0,394.0,749.0,3708.0
78974,81000,Arrondissement d'Arlon,Arrondissement Aarlen,Bezirk Arlon,VENTEIMMEUB,9,52.0,350.0,900.0,1560.0,1187.5,1660.0,3135.0
78993,81000,Arrondissement d'Arlon,Arrondissement Aarlen,Bezirk Arlon,VENTEIMMEUB,35,10.0,600.0,600.0,600.0,640.0,1546.5,3290.0
79017,81000,Arrondissement d'Arlon,Arrondissement Aarlen,Bezirk Arlon,VENTEIMMEUB,70,19.0,6000.0,50500.0,95000.0,20.0,104.0,396.0
79025,81000,Arrondissement d'Arlon,Arrondissement Aarlen,Bezirk Arlon,VENTEIMMEUB,78,30.0,96500.0,141000.0,167500.0,366.0,513.0,980.0
79035,81000,Arrondissement d'Arlon,Arrondissement Aarlen,Bezirk Arlon,VENTEIMMEUB,200,124.0,144000.0,220000.0,310000.0,205.0,411.0,922.5
79039,81000,Arrondissement d'Arlon,Arrondissement Aarlen,Bezirk Arlon,VENTEIMMEUB,204,14.0,15000.0,19000.0,23000.0,20.0,21.0,30.0
79053,81000,Arrondissement d'Arlon,Arrondissement Aarlen,Bezirk Arlon,VENTEIMMEUB,247,8.0,250470.0,250470.0,250470.0,71.5,261.0,682.0
79196,81000,Arrondissement d'Arlon,Arrondissement Aarlen,Bezirk Arlon,VENTEIMMEUB,539,6.0,105000.0,238235.0,371470.0,254.0,341.0,722.0
79458,81000,Arrondissement d'Arlon,Arrondissement Aarlen,Bezirk Arlon,TOTAL,1,256.0,800.0,2000.0,8845.0,1400.0,2370.0,3590.0
79459,81000,Arrondissement d'Arlon,Arrondissement Aarlen,Bezirk Arlon,TOTAL,2,39.0,4500.0,29005.0,90000.0,1669.0,3952.0,16340.0
79460,81000,Arrondissement d'Arlon,Arrondissement Aarlen,Bezirk Arlon,TOTAL,3,121.0,519.68,1395.0,8800.0,800.0,1720.0,3840.0
79461,81000,Arrondissement d'Arlon,Arrondissement Aarlen,Bezirk Arlon,TOTAL,4,45.0,200.0,2250.0,41000.0,164.0,330.0,534.0
79465,81000,Arrondissement d'Arlon,Arrondissement Aarlen,Bezirk Arlon,TOTAL,8,9.0,180000.0,180000.0,180000.0,394.0,970.0,2798.0
79466,81000,Arrondissement d'Arlon,Arrondissement Aarlen,Bezirk Arlon,TOTAL,9,186.0,175.0,708.5,1540.0,1300.0,1805.0,3500.0
79485,81000,Arrondissement d'Arlon,Arrondissement Aarlen,Bezirk Arlon,TOTAL,35,29.0,600.0,711.0,1000.0,1383.0,1980.0,3178.0
79509,81000,Arrondissement d'Arlon,Arrondissement Aarlen,Bezirk Arlon,TOTAL,70,35.0,6000.0,50500.0,95000.0,22.0,124.0,469.0
79517,81000,Arrondissement d'Arlon,Arrondissement Aarlen,Bezirk Arlon,TOTAL,78,40.0,100000.0,141000.0,165000.0,339.0,516.5,905.5
79527,81000,Arrondissement d'Arlon,Arrondissement Aarlen,Bezirk Arlon,TOTAL,200,278.0,155000.0,213500.0,280000.0,254.0,501.0,978.0
79531,81000,Arrondissement d'Arlon,Arrondissement Aarlen,Bezirk Arlon,TOTAL,204,19.0,15000.0,19000.0,23000.0,21.0,27.0,40.0
79538,81000,Arrondissement d'Arlon,Arrondissement Aarlen,Bezirk Arlon,TOTAL,240,6.0,150000.0,150000.0,150000.0,912.0,1080.0,1430.0
79545,81000,Arrondissement d'Arlon,Arrondissement Aarlen,Bezirk Arlon,TOTAL,247,17.0,250470.0,250470.0,250470.0,35.0,120.0,371.0
79594,81000,Arrondissement d'Arlon,Arrondissement Aarlen,Bezirk Arlon,TOTAL,371,6.0,280000.0,280000.0,280000.0,337.0,939.0,1279.0
79613,81000,Arrondissement d'Arlon,Arrondissement Aarlen,Bezirk Arlon,TOTAL,407,8.0,212500.0,262500.0,340500.0,155.5,255.0,462.5
79688,81000,Arrondissement d'Arlon,Arrondissement Aarlen,Bezirk Arlon,TOTAL,539,9.0,105000.0,135000.0,371470.0,168.0,266.0,722.0
79773,82000,Arrondissement de Bastogne,Arrondissement Bastenaken,Bezirk Bastogne,CESSION,200,33.0,130000.0,174372.25,280000.0,682.0,1244.0,1502.0
80255,82000,Arrondissement de Bastogne,Arrondissement Bastenaken,Bezirk Bastogne,DONATIMMEUB,78,14.0,17000.0,17000.0,17000.0,708.0,860.0,1895.0
80265,82000,Arrondissement de Bastogne,Arrondissement Bastenaken,Bezirk Bastogne,DONATIMMEUB,200,13.0,75000.0,165000.0,175000.0,450.0,611.0,882.0
80511,82000,Arrondissement de Bastogne,Arrondissement Bastenaken,Bezirk Bastogne,OTHER,200,12.0,172500.0,194376.5,226876.5,900.0,1203.5,1790.0
80757,82000,Arrondissement de Bastogne,Arrondissement Bastenaken,Bezirk Bastogne,PARTAGE,200,6.0,265000.0,265000.0,265000.0,849.0,1209.5,1459.0
80934,82000,Arrondissement de Bastogne,Arrondissement Bastenaken,Bezirk Bastogne,SUCCNALAT,1,116.0,1200.0,3800.0,12179.0,1252.5,2986.0,6810.0
80935,82000,Arrondissement de Bastogne,Arrondissement Bastenaken,Bezirk Bastogne,SUCCNALAT,2,31.0,1700.0,6250.0,31000.0,1550.0,2980.0,5105.0
80936,82000,Arrondissement de Bastogne,Arrondissement Bastenaken,Bezirk Bastogne,SUCCNALAT,3,44.0,184.0,822.0,7190.0,415.0,1064.5,2517.0
80941,82000,Arrondissement de Bastogne,Arrondissement Bastenaken,Bezirk Bastogne,SUCCNALAT,8,16.0,41.915,148.0,1437.5,162.5,415.5,1035.0
80942,82000,Arrondissement de Bastogne,Arrondissement Bastenaken,Bezirk Bastogne,SUCCNALAT,9,99.0,160.0,361.75,1328.0,810.0,1770.0,4260.0
80959,82000,Arrondissement de Bastogne,Arrondissement Bastenaken,Bezirk Bastogne,SUCCNALAT,33,10.0,1.12,1.12,1.12,191.0,235.0,530.0
80961,82000,Arrondissement de Bastogne,Arrondissement Bastenaken,Bezirk Bastogne,SUCCNALAT,35,8.0,187.5,924.96,1420.0,540.0,1120.0,2336.5
81003,82000,Arrondissement de Bastogne,Arrondissement Bastenaken,Bezirk Bastogne,SUCCNALAT,200,66.0,110000.0,150000.0,186500.0,378.0,855.0,1380.0
81014,82000,Arrondissement de Bastogne,Arrondissement Bastenaken,Bezirk Bastogne,SUCCNALAT,240,7.0,69000.0,94000.0,177500.0,576.0,1413.0,1756.0
81021,82000,Arrondissement de Bastogne,Arrondissement Bastenaken,Bezirk Bastogne,SUCCNALAT,247,5.0,25000.0,25000.0,25000.0,613.0,2250.0,3410.0
81137,82000,Arrondissement de Bastogne,Arrondissement Bastenaken,Bezirk Bastogne,SUCCNALAT,503,5.0,80000.0,82500.0,85000.0,611.0,965.0,1090.0
81180,82000,Arrondissement de Bastogne,Arrondissement Bastenaken,Bezirk Bastogne,VENTEIMMEUB,1,123.0,2100.0,8750.0,35250.0,1360.0,3300.0,7380.0
81181,82000,Arrondissement de Bastogne,Arrondissement Bastenaken,Bezirk Bastogne,VENTEIMMEUB,2,39.0,9420.0,50000.0,57000.0,830.0,2460.0,7673.0
81182,82000,Arrondissement de Bastogne,Arrondissement Bastenaken,Bezirk Bastogne,VENTEIMMEUB,3,36.0,1525.0,11500.0,55000.0,755.0,1835.0,3240.0
81183,82000,Arrondissement de Bastogne,Arrondissement Bastenaken,Bezirk Bastogne,VENTEIMMEUB,4,15.0,500.0,10250.0,20000.0,45.0,272.0,455.0
81188,82000,Arrondissement de Bastogne,Arrondissement Bastenaken,Bezirk Bastogne,VENTEIMMEUB,9,175.0,800.0,1250.0,2000.0,1390.0,2570.0,4420.0
81207,82000,Arrondissement de Bastogne,Arrondissement Bastenaken,Bezirk Bastogne,VENTEIMMEUB,35,9.0,1000.0,4500.0,8000.0,179.0,555.0,1460.0
81231,82000,Arrondissement de Bastogne,Arrondissement Bastenaken,Bezirk Bastogne,VENTEIMMEUB,70,57.0,28000.0,40500.0,50242.0,514.0,1089.0,2283.0
81239,82000,Arrondissement de Bastogne,Arrondissement Bastenaken,Bezirk Bastogne,VENTEIMMEUB,78,33.0,36000.0,46621.0,53500.0,896.0,1150.0,1236.0
81249,82000,Arrondissement de Bastogne,Arrondissement Bastenaken,Bezirk Bastogne,VENTEIMMEUB,200,93.0,125000.0,180000.0,223000.0,336.0,779.0,1307.0
81267,82000,Arrondissement de Bastogne,Arrondissement Bastenaken,Bezirk Bastogne,VENTEIMMEUB,247,5.0,15001.0,15001.0,15001.0,60.0,134.0,248.0
81335,82000,Arrondissement de Bastogne,Arrondissement Bastenaken,Bezirk Bastogne,VENTEIMMEUB,407,8.0,65000.0,225000.0,385000.0,169.0,240.0,430.0
81383,82000,Arrondissement de Bastogne,Arrondissement Bastenaken,Bezirk Bastogne,VENTEIMMEUB,503,59.0,100934.39,116979.46,127705.3,37.0,40.0,52.0
81672,82000,Arrondissement de Bastogne,Arrondissement Bastenaken,Bezirk Bastogne,TOTAL,1,339.0,1284.0,4028.5,16422.0,1560.0,3770.0,8461.0
81673,82000,Arrondissement de Bastogne,Arrondissement Bastenaken,Bezirk Bastogne,TOTAL,2,90.0,4730.0,9985.0,45000.0,1240.0,2550.5,6010.0
81674,82000,Arrondissement de Bastogne,Arrondissement Bastenaken,Bezirk Bastogne,TOTAL,3,110.0,184.0,3000.0,8626.0,700.0,1445.5,3450.0
81675,82000,Arrondissement de Bastogne,Arrondissement Bastenaken,Bezirk Bastogne,TOTAL,4,25.0,500.0,10250.0,20000.0,80.0,272.0,678.0
81679,82000,Arrondissement de Bastogne,Arrondissement Bastenaken,Bezirk Bastogne,TOTAL,8,18.0,78.0,218.0,800.0,175.0,415.5,1080.0
81680,82000,Arrondissement de Bastogne,Arrondissement Bastenaken,Bezirk Bastogne,TOTAL,9,347.0,315.0,1000.0,2000.0,1222.0,2430.0,4630.0
81697,82000,Arrondissement de Bastogne,Arrondissement Bastenaken,Bezirk Bastogne,TOTAL,33,15.0,1.12,1.12,1.12,150.0,203.0,473.0
81699,82000,Arrondissement de Bastogne,Arrondissement Bastenaken,Bezirk Bastogne,TOTAL,35,20.0,924.96,1000.0,1420.0,405.0,740.0,2843.5
81723,82000,Arrondissement de Bastogne,Arrondissement Bastenaken,Bezirk Bastogne,TOTAL,70,113.0,28000.0,40500.0,50242.0,365.0,1048.0,1528.0
81731,82000,Arrondissement de Bastogne,Arrondissement Bastenaken,Bezirk Bastogne,TOTAL,78,70.0,35000.0,40000.0,50242.0,747.0,1125.0,1551.0
81741,82000,Arrondissement de Bastogne,Arrondissement Bastenaken,Bezirk Bastogne,TOTAL,200,235.0,120000.0,165000.0,220000.0,422.0,910.0,1353.0
81744,82000,Arrondissement de Bastogne,Arrondissement Bastenaken,Bezirk Bastogne,TOTAL,203,6.0,336.0,336.0,336.0,50.0,109.0,385.0
81752,82000,Arrondissement de Bastogne,Arrondissement Bastenaken,Bezirk Bastogne,TOTAL,240,16.0,78000.0,100000.0,110000.0,1029.0,1733.5,4099.5
81759,82000,Arrondissement de Bastogne,Arrondissement Bastenaken,Bezirk Bastogne,TOTAL,247,22.0,15001.0,25000.0,73000.0,64.0,309.0,1453.0
81827,82000,Arrondissement de Bastogne,Arrondissement Bastenaken,Bezirk Bastogne,TOTAL,407,10.0,65000.0,225000.0,385000.0,109.0,170.0,257.0
81875,82000,Arrondissement de Bastogne,Arrondissement Bastenaken,Bezirk Bastogne,TOTAL,503,68.0,100912.92,111266.265,125279.49,38.0,40.0,52.0
81902,82000,Arrondissement de Bastogne,Arrondissement Bastenaken,Bezirk Bastogne,TOTAL,539,7.0,15000.0,15000.0,15000.0,67.0,323.0,2776.0
81919,83000,Arrondissement de Marche-en-Famenne,Arrondissement Marche-en-Famenne,Bezirk Marche-en-Famenne,CESSION,2,18.0,28000.0,28000.0,28000.0,790.0,1762.0,5250.0
81987,83000,Arrondissement de Marche-en-Famenne,Arrondissement Marche-en-Famenne,Bezirk Marche-en-Famenne,CESSION,200,32.0,170500.0,210000.0,251399.175,762.0,1125.0,1750.0
82121,83000,Arrondissement de Marche-en-Famenne,Arrondissement Marche-en-Famenne,Bezirk Marche-en-Famenne,CESSION,503,8.0,120000.0,120000.0,120000.0,16.5,29.0,674.5
82469,83000,Arrondissement de Marche-en-Famenne,Arrondissement Marche-en-Famenne,Bezirk Marche-en-Famenne,DONATIMMEUB,78,8.0,15000.0,15000.0,15000.0,713.5,741.0,913.0
82479,83000,Arrondissement de Marche-en-Famenne,Arrondissement Marche-en-Famenne,Bezirk Marche-en-Famenne,DONATIMMEUB,200,10.0,75000.0,125000.0,125000.0,588.0,954.5,2288.0
82707,83000,Arrondissement de Marche-en-Famenne,Arrondissement Marche-en-Famenne,Bezirk Marche-en-Famenne,OTHER,70,16.0,66150.0,66150.0,66150.0,16.5,140.5,775.5
82725,83000,Arrondissement de Marche-en-Famenne,Arrondissement Marche-en-Famenne,Bezirk Marche-en-Famenne,OTHER,200,34.0,100000.0,196600.0,206200.0,613.0,986.5,1476.0
82971,83000,Arrondissement de Marche-en-Famenne,Arrondissement Marche-en-Famenne,Bezirk Marche-en-Famenne,PARTAGE,200,11.0,160000.0,175000.0,190000.0,839.0,1165.0,1927.0
83148,83000,Arrondissement de Marche-en-Famenne,Arrondissement Marche-en-Famenne,Bezirk Marche-en-Famenne,SUCCNALAT,1,109.0,1216.0,1970.0,3940.0,1520.0,2400.0,4240.0
83149,83000,Arrondissement de Marche-en-Famenne,Arrondissement Marche-en-Famenne,Bezirk Marche-en-Famenne,SUCCNALAT,2,40.0,3000.0,6250.0,25000.0,1349.5,4129.0,7230.0
83150,83000,Arrondissement de Marche-en-Famenne,Arrondissement Marche-en-Famenne,Bezirk Marche-en-Famenne,SUCCNALAT,3,46.0,1676.0,2976.0,8480.0,1630.0,2525.0,6180.0
83151,83000,Arrondissement de Marche-en-Famenne,Arrondissement Marche-en-Famenne,Bezirk Marche-en-Famenne,SUCCNALAT,4,7.0,192.0,1000.0,17200.0,310.0,385.0,471.0
83155,83000,Arrondissement de Marche-en-Famenne,Arrondissement Marche-en-Famenne,Bezirk Marche-en-Famenne,SUCCNALAT,8,21.0,250.0,1000.5,1961.5,410.0,1070.0,2190.0
83156,83000,Arrondissement de Marche-en-Famenne,Arrondissement Marche-en-Famenne,Bezirk Marche-en-Famenne,SUCCNALAT,9,115.0,650.0,1250.0,2925.0,680.0,1610.0,3400.0
83157,83000,Arrondissement de Marche-en-Famenne,Arrondissement Marche-en-Famenne,Bezirk Marche-en-Famenne,SUCCNALAT,10,5.0,10.0,12755.0,25500.0,600.0,1650.0,2150.0
83173,83000,Arrondissement de Marche-en-Famenne,Arrondissement Marche-en-Famenne,Bezirk Marche-en-Famenne,SUCCNALAT,33,9.0,3.02,100.0,100.0,121.0,180.0,330.0
83175,83000,Arrondissement de Marche-en-Famenne,Arrondissement Marche-en-Famenne,Bezirk Marche-en-Famenne,SUCCNALAT,35,20.0,168.0,492.0,632.0,445.0,805.0,2850.0
83199,83000,Arrondissement de Marche-en-Famenne,Arrondissement Marche-en-Famenne,Bezirk Marche-en-Famenne,SUCCNALAT,70,7.0,20700.0,40000.0,50000.0,848.0,1365.0,1810.0
83217,83000,Arrondissement de Marche-en-Famenne,Arrondissement Marche-en-Famenne,Bezirk Marche-en-Famenne,SUCCNALAT,200,85.0,130000.0,150000.0,200000.0,410.0,1000.0,1659.0
83228,83000,Arrondissement de Marche-en-Famenne,Arrondissement Marche-en-Famenne,Bezirk Marche-en-Famenne,SUCCNALAT,240,7.0,90000.0,125000.0,130000.0,261.0,1883.0,2410.0
83235,83000,Arrondissement de Marche-en-Famenne,Arrondissement Marche-en-Famenne,Bezirk Marche-en-Famenne,SUCCNALAT,247,8.0,70.0,70.0,70.0,69.5,110.0,171.0
83351,83000,Arrondissement de Marche-en-Famenne,Arrondissement Marche-en-Famenne,Bezirk Marche-en-Famenne,SUCCNALAT,503,17.0,12000.0,40000.0,70000.0,300.0,834.0,1030.0
83394,83000,Arrondissement de Marche-en-Famenne,Arrondissement Marche-en-Famenne,Bezirk Marche-en-Famenne,VENTEIMMEUB,1,127.0,2500.0,3750.0,18000.0,1368.0,3310.0,7374.0
83395,83000,Arrondissement de Marche-en-Famenne,Arrondissement Marche-en-Famenne,Bezirk Marche-en-Famenne,VENTEIMMEUB,2,78.0,5000.0,33500.0,300000.0,1822.0,3937.5,6970.0
83396,83000,Arrondissement de Marche-en-Famenne,Arrondissement Marche-en-Famenne,Bezirk Marche-en-Famenne,VENTEIMMEUB,3,86.0,2100.0,37500.0,55000.0,780.0,1435.0,2600.0
83397,83000,Arrondissement de Marche-en-Famenne,Arrondissement Marche-en-Famenne,Bezirk Marche-en-Famenne,VENTEIMMEUB,4,19.0,18610.0,31500.0,43105.0,180.0,471.0,790.0
83401,83000,Arrondissement de Marche-en-Famenne,Arrondissement Marche-en-Famenne,Bezirk Marche-en-Famenne,VENTEIMMEUB,8,39.0,600.0,665.0,3500.0,880.0,1920.0,3679.0
83402,83000,Arrondissement de Marche-en-Famenne,Arrondissement Marche-en-Famenne,Bezirk Marche-en-Famenne,VENTEIMMEUB,9,128.0,550.0,2000.0,3450.0,1345.0,3145.0,5525.0
83421,83000,Arrondissement de Marche-en-Famenne,Arrondissement Marche-en-Famenne,Bezirk Marche-en-Famenne,VENTEIMMEUB,35,18.0,1250.0,1250.0,1250.0,920.0,3955.0,15090.0
83445,83000,Arrondissement de Marche-en-Famenne,Arrondissement Marche-en-Famenne,Bezirk Marche-en-Famenne,VENTEIMMEUB,70,66.0,19500.0,46000.0,65000.0,223.0,982.0,1494.0
83453,83000,Arrondissement de Marche-en-Famenne,Arrondissement Marche-en-Famenne,Bezirk Marche-en-Famenne,VENTEIMMEUB,78,36.0,40000.0,55000.0,75000.0,916.5,1200.0,1470.5
83463,83000,Arrondissement de Marche-en-Famenne,Arrondissement Marche-en-Famenne,Bezirk Marche-en-Famenne,VENTEIMMEUB,200,144.0,125000.0,175000.0,240000.0,300.0,772.0,1272.0
83466,83000,Arrondissement de Marche-en-Famenne,Arrondissement Marche-en-Famenne,Bezirk Marche-en-Famenne,VENTEIMMEUB,203,7.0,61000.0,61000.0,61000.0,20.0,34.0,50.0
83549,83000,Arrondissement de Marche-en-Famenne,Arrondissement Marche-en-Famenne,Bezirk Marche-en-Famenne,VENTEIMMEUB,407,8.0,74000.0,117500.0,175000.0,78.5,150.0,772.0
83597,83000,Arrondissement de Marche-en-Famenne,Arrondissement Marche-en-Famenne,Bezirk Marche-en-Famenne,VENTEIMMEUB,503,39.0,34500.0,72000.0,116000.0,210.0,550.0,1039.0
83624,83000,Arrondissement de Marche-en-Famenne,Arrondissement Marche-en-Famenne,Bezirk Marche-en-Famenne,VENTEIMMEUB,539,8.0,125000.0,125000.0,125000.0,106.0,395.0,1264.5
83886,83000,Arrondissement de Marche-en-Famenne,Arrondissement Marche-en-Famenne,Bezirk Marche-en-Famenne,TOTAL,1,380.0,1216.0,2200.0,4410.0,1370.0,2520.0,5016.5
83887,83000,Arrondissement de Marche-en-Famenne,Arrondissement Marche-en-Famenne,Bezirk Marche-en-Famenne,TOTAL,2,170.0,4500.0,14161.0,41864.0,1340.0,3212.5,6430.0
83888,83000,Arrondissement de Marche-en-Famenne,Arrondissement Marche-en-Famenne,Bezirk Marche-en-Famenne,TOTAL,3,178.0,1676.0,3389.6,45000.0,970.0,1825.0,3480.0
83889,83000,Arrondissement de Marche-en-Famenne,Arrondissement Marche-en-Famenne,Bezirk Marche-en-Famenne,TOTAL,4,35.0,1000.0,17200.0,40000.0,160.0,400.0,657.0
83893,83000,Arrondissement de Marche-en-Famenne,Arrondissement Marche-en-Famenne,Bezirk Marche-en-Famenne,TOTAL,8,89.0,250.0,696.0,1961.5,440.0,1220.0,3040.0
83894,83000,Arrondissement de Marche-en-Famenne,Arrondissement Marche-en-Famenne,Bezirk Marche-en-Famenne,TOTAL,9,368.0,600.0,1352.0,3200.0,830.0,2160.0,4585.0
83895,83000,Arrondissement de Marche-en-Famenne,Arrondissement Marche-en-Famenne,Bezirk Marche-en-Famenne,TOTAL,10,11.0,10.0,12755.0,25500.0,580.0,1078.0,2150.0
83911,83000,Arrondissement de Marche-en-Famenne,Arrondissement Marche-en-Famenne,Bezirk Marche-en-Famenne,TOTAL,33,16.0,3.02,100.0,100.0,112.5,227.5,524.5
83913,83000,Arrondissement de Marche-en-Famenne,Arrondissement Marche-en-Famenne,Bezirk Marche-en-Famenne,TOTAL,35,46.0,168.0,504.0,1250.0,670.0,2265.0,5300.0
83937,83000,Arrondissement de Marche-en-Famenne,Arrondissement Marche-en-Famenne,Bezirk Marche-en-Famenne,TOTAL,70,112.0,23000.0,45000.0,60000.0,278.5,978.0,1400.0
83945,83000,Arrondissement de Marche-en-Famenne,Arrondissement Marche-en-Famenne,Bezirk Marche-en-Famenne,TOTAL,78,49.0,40000.0,56000.0,75000.0,813.0,1104.0,1379.0
83955,83000,Arrondissement de Marche-en-Famenne,Arrondissement Marche-en-Famenne,Bezirk Marche-en-Famenne,TOTAL,200,327.0,130000.0,165000.0,224100.0,435.0,958.0,1491.0
83958,83000,Arrondissement de Marche-en-Famenne,Arrondissement Marche-en-Famenne,Bezirk Marche-en-Famenne,TOTAL,203,11.0,61000.0,61000.0,61000.0,20.0,35.0,100.0
83959,83000,Arrondissement de Marche-en-Famenne,Arrondissement Marche-en-Famenne,Bezirk Marche-en-Famenne,TOTAL,204,12.0,11000.0,84250.0,157500.0,42.0,86.5,275.0
83966,83000,Arrondissement de Marche-en-Famenne,Arrondissement Marche-en-Famenne,Bezirk Marche-en-Famenne,TOTAL,240,15.0,90000.0,127500.0,218750.0,261.0,648.0,1959.0
83973,83000,Arrondissement de Marche-en-Famenne,Arrondissement Marche-en-Famenne,Bezirk Marche-en-Famenne,TOTAL,247,26.0,70.0,70.0,70.0,104.0,184.0,1457.0
83975,83000,Arrondissement de Marche-en-Famenne,Arrondissement Marche-en-Famenne,Bezirk Marche-en-Famenne,TOTAL,261,5.0,160000.0,175000.0,405000.0,2646.0,4827.0,4827.0
84041,83000,Arrondissement de Marche-en-Famenne,Arrondissement Marche-en-Famenne,Bezirk Marche-en-Famenne,TOTAL,407,14.0,75000.0,160000.0,190000.0,82.0,106.0,250.0
84089,83000,Arrondissement de Marche-en-Famenne,Arrondissement Marche-en-Famenne,Bezirk Marche-en-Famenne,TOTAL,503,70.0,25000.0,59000.0,90000.0,200.0,578.5,1129.0
84116,83000,Arrondissement de Marche-en-Famenne,Arrondissement Marche-en-Famenne,Bezirk Marche-en-Famenne,TOTAL,539,14.0,45000.0,85000.0,125000.0,160.0,483.5,1359.0
84132,84000,Arrondissement de Neufchâteau,Arrondissement Neufchâteau,Bezirk Neufchâteau,CESSION,1,5.0,13545.25,13545.25,13545.25,2890.0,7580.0,7800.0
84140,84000,Arrondissement de Neufchâteau,Arrondissement Neufchâteau,Bezirk Neufchâteau,CESSION,9,9.0,1000.0,1300.0,47129.2,2200.0,3330.0,5400.0
84201,84000,Arrondissement de Neufchâteau,Arrondissement Neufchâteau,Bezirk Neufchâteau,CESSION,200,32.0,139999.98,170000.0,300000.0,231.0,641.0,1130.0
84675,84000,Arrondissement de Neufchâteau,Arrondissement Neufchâteau,Bezirk Neufchâteau,DONATIMMEUB,70,5.0,900.0,1800.0,28000.0,897.0,928.0,1654.0
84693,84000,Arrondissement de Neufchâteau,Arrondissement Neufchâteau,Bezirk Neufchâteau,DONATIMMEUB,200,10.0,50000.0,67500.0,85000.0,238.0,555.0,952.0
84921,84000,Arrondissement de Neufchâteau,Arrondissement Neufchâteau,Bezirk Neufchâteau,OTHER,70,10.0,150000.0,150000.0,150000.0,279.0,447.5,515.0
84939,84000,Arrondissement de Neufchâteau,Arrondissement Neufchâteau,Bezirk Neufchâteau,OTHER,200,13.0,180000.0,180000.0,180000.0,272.0,694.0,1264.0
85185,84000,Arrondissement de Neufchâteau,Arrondissement Neufchâteau,Bezirk Neufchâteau,PARTAGE,200,7.0,258000.0,258000.0,258000.0,190.0,1480.0,1689.0
85362,84000,Arrondissement de Neufchâteau,Arrondissement Neufchâteau,Bezirk Neufchâteau,SUCCNALAT,1,326.0,802.5,1840.0,6040.0,1770.0,3050.0,6000.0
85363,84000,Arrondissement de Neufchâteau,Arrondissement Neufchâteau,Bezirk Neufchâteau,SUCCNALAT,2,69.0,1615.0,7832.5,33775.0,1350.0,3790.0,6760.0
85364,84000,Arrondissement de Neufchâteau,Arrondissement Neufchâteau,Bezirk Neufchâteau,SUCCNALAT,3,64.0,689.62,1500.0,3144.0,1660.0,2740.5,4510.0
85365,84000,Arrondissement de Neufchâteau,Arrondissement Neufchâteau,Bezirk Neufchâteau,SUCCNALAT,4,9.0,225.0,1712.5,3200.0,161.0,290.0,360.0
85369,84000,Arrondissement de Neufchâteau,Arrondissement Neufchâteau,Bezirk Neufchâteau,SUCCNALAT,8,16.0,135.2,792.0,1340.0,635.0,2060.0,2975.0
85370,84000,Arrondissement de Neufchâteau,Arrondissement Neufchâteau,Bezirk Neufchâteau,SUCCNALAT,9,120.0,500.0,1560.0,5109.3,1251.5,2531.5,5380.0
85387,84000,Arrondissement de Neufchâteau,Arrondissement Neufchâteau,Bezirk Neufchâteau,SUCCNALAT,33,7.0,20.0,225.0,51667.0,39.0,63.0,382.0
85389,84000,Arrondissement de Neufchâteau,Arrondissement Neufchâteau,Bezirk Neufchâteau,SUCCNALAT,35,21.0,1484.4,5581.4,10199.0,500.0,3520.0,4948.0
85413,84000,Arrondissement de Neufchâteau,Arrondissement Neufchâteau,Bezirk Neufchâteau,SUCCNALAT,70,13.0,274.8,14000.0,40000.0,981.0,1360.0,1710.0
85421,84000,Arrondissement de Neufchâteau,Arrondissement Neufchâteau,Bezirk Neufchâteau,SUCCNALAT,78,9.0,25000.0,32500.0,40000.0,1074.0,1161.0,1622.0
85431,84000,Arrondissement de Neufchâteau,Arrondissement Neufchâteau,Bezirk Neufchâteau,SUCCNALAT,200,113.0,90000.0,130000.0,160000.0,270.0,651.0,1285.0
85442,84000,Arrondissement de Neufchâteau,Arrondissement Neufchâteau,Bezirk Neufchâteau,SUCCNALAT,240,14.0,115000.0,120000.0,150000.0,590.0,1700.0,2780.0
85449,84000,Arrondissement de Neufchâteau,Arrondissement Neufchâteau,Bezirk Neufchâteau,SUCCNALAT,247,16.0,72.5,500.0,5000.0,58.0,150.0,295.0
85565,84000,Arrondissement de Neufchâteau,Arrondissement Neufchâteau,Bezirk Neufchâteau,SUCCNALAT,503,6.0,6000.0,15000.0,110000.0,70.0,213.5,764.0
85608,84000,Arrondissement de Neufchâteau,Arrondissement Neufchâteau,Bezirk Neufchâteau,VENTEIMMEUB,1,102.0,1476.0,3500.0,26070.0,1910.0,3133.5,6857.0
85609,84000,Arrondissement de Neufchâteau,Arrondissement Neufchâteau,Bezirk Neufchâteau,VENTEIMMEUB,2,39.0,3500.0,28000.0,72000.0,970.0,1880.0,4922.0
85610,84000,Arrondissement de Neufchâteau,Arrondissement Neufchâteau,Bezirk Neufchâteau,VENTEIMMEUB,3,21.0,833.0,1000.0,25500.0,1520.0,2400.0,3690.0
85611,84000,Arrondissement de Neufchâteau,Arrondissement Neufchâteau,Bezirk Neufchâteau,VENTEIMMEUB,4,28.0,1500.0,11000.0,11022.58,77.5,251.0,426.0
85615,84000,Arrondissement de Neufchâteau,Arrondissement Neufchâteau,Bezirk Neufchâteau,VENTEIMMEUB,8,12.0,350.0,950.0,3425.0,510.0,2420.0,5193.0
85616,84000,Arrondissement de Neufchâteau,Arrondissement Neufchâteau,Bezirk Neufchâteau,VENTEIMMEUB,9,85.0,600.0,1290.0,3500.0,1830.0,2760.0,4940.0
85620,84000,Arrondissement de Neufchâteau,Arrondissement Neufchâteau,Bezirk Neufchâteau,VENTEIMMEUB,14,7.0,3545.0,5045.0,6250.0,4850.0,4909.0,5140.0
85634,84000,Arrondissement de Neufchâteau,Arrondissement Neufchâteau,Bezirk Neufchâteau,VENTEIMMEUB,34,6.0,500.0,500.0,500.0,30.0,110.5,136.0
85659,84000,Arrondissement de Neufchâteau,Arrondissement Neufchâteau,Bezirk Neufchâteau,VENTEIMMEUB,70,39.0,5000.0,20020.0,40000.0,130.0,1007.0,1498.0
85667,84000,Arrondissement de Neufchâteau,Arrondissement Neufchâteau,Bezirk Neufchâteau,VENTEIMMEUB,78,34.0,41000.0,55000.0,63028.84,908.0,1195.5,1430.0
85677,84000,Arrondissement de Neufchâteau,Arrondissement Neufchâteau,Bezirk Neufchâteau,VENTEIMMEUB,200,130.0,122500.0,172500.0,230000.0,230.0,615.0,1209.0
85688,84000,Arrondissement de Neufchâteau,Arrondissement Neufchâteau,Bezirk Neufchâteau,VENTEIMMEUB,240,9.0,112500.0,162500.0,202500.0,783.0,1143.0,1594.0
85695,84000,Arrondissement de Neufchâteau,Arrondissement Neufchâteau,Bezirk Neufchâteau,VENTEIMMEUB,247,5.0,35000.0,35000.0,35000.0,85.0,215.0,438.0
85763,84000,Arrondissement de Neufchâteau,Arrondissement Neufchâteau,Bezirk Neufchâteau,VENTEIMMEUB,407,5.0,100000.0,145000.0,195000.0,150.0,200.0,270.0
85811,84000,Arrondissement de Neufchâteau,Arrondissement Neufchâteau,Bezirk Neufchâteau,VENTEIMMEUB,503,13.0,53000.0,77000.0,130000.0,330.0,360.0,660.0
85923,84000,Arrondissement de Neufchâteau,Arrondissement Neufchâteau,Bezirk Neufchâteau,VENTEPUBIMMEUB,200,5.0,67139.96,165000.0,210959.71,499.0,880.0,1048.0
86100,84000,Arrondissement de Neufchâteau,Arrondissement Neufchâteau,Bezirk Neufchâteau,TOTAL,1,486.0,810.0,1987.5,6766.0,1865.0,3168.5,6647.0
86101,84000,Arrondissement de Neufchâteau,Arrondissement Neufchâteau,Bezirk Neufchâteau,TOTAL,2,123.0,1700.0,9212.5,36000.0,1140.0,2475.0,5556.0
86102,84000,Arrondissement de Neufchâteau,Arrondissement Neufchâteau,Bezirk Neufchâteau,TOTAL,3,91.0,689.62,1492.0,3144.0,1540.0,2530.0,4320.0
86103,84000,Arrondissement de Neufchâteau,Arrondissement Neufchâteau,Bezirk Neufchâteau,TOTAL,4,48.0,1500.0,11011.29,18000.0,89.5,260.0,426.0
86107,84000,Arrondissement de Neufchâteau,Arrondissement Neufchâteau,Bezirk Neufchâteau,TOTAL,8,30.0,150.0,792.0,1350.0,550.0,2060.0,3860.0
86108,84000,Arrondissement de Neufchâteau,Arrondissement Neufchâteau,Bezirk Neufchâteau,TOTAL,9,246.0,540.0,1500.0,4830.0,1401.0,2725.0,5410.0
86112,84000,Arrondissement de Neufchâteau,Arrondissement Neufchâteau,Bezirk Neufchâteau,TOTAL,14,12.0,3000.0,5045.0,6500.0,1782.5,4902.0,5316.0
86125,84000,Arrondissement de Neufchâteau,Arrondissement Neufchâteau,Bezirk Neufchâteau,TOTAL,33,10.0,20.0,225.0,51667.0,50.0,161.5,382.0
86126,84000,Arrondissement de Neufchâteau,Arrondissement Neufchâteau,Bezirk Neufchâteau,TOTAL,34,8.0,27.15,100.0,500.0,65.0,115.5,158.5
86127,84000,Arrondissement de Neufchâteau,Arrondissement Neufchâteau,Bezirk Neufchâteau,TOTAL,35,28.0,1484.4,5581.4,10199.0,800.0,2845.0,4752.5
86151,84000,Arrondissement de Neufchâteau,Arrondissement Neufchâteau,Bezirk Neufchâteau,TOTAL,70,73.0,2500.0,15768.75,40000.0,396.0,1001.0,1504.0
86159,84000,Arrondissement de Neufchâteau,Arrondissement Neufchâteau,Bezirk Neufchâteau,TOTAL,78,59.0,34000.0,50000.0,60000.0,828.0,1147.0,1384.0
86169,84000,Arrondissement de Neufchâteau,Arrondissement Neufchâteau,Bezirk Neufchâteau,TOTAL,200,317.0,100000.0,147680.0,200000.0,246.0,647.0,1264.0
86172,84000,Arrondissement de Neufchâteau,Arrondissement Neufchâteau,Bezirk Neufchâteau,TOTAL,203,7.0,7000.0,7000.0,7000.0,30.0,40.0,150.0
86173,84000,Arrondissement de Neufchâteau,Arrondissement Neufchâteau,Bezirk Neufchâteau,TOTAL,204,8.0,13200.0,56100.0,99000.0,39.0,81.5,201.0
86180,84000,Arrondissement de Neufchâteau,Arrondissement Neufchâteau,Bezirk Neufchâteau,TOTAL,240,24.0,115000.0,140000.0,150000.0,610.0,1268.0,2749.0
86187,84000,Arrondissement de Neufchâteau,Arrondissement Neufchâteau,Bezirk Neufchâteau,TOTAL,247,24.0,72.5,550.0,25000.0,82.5,174.5,331.0
86255,84000,Arrondissement de Neufchâteau,Arrondissement Neufchâteau,Bezirk Neufchâteau,TOTAL,407,8.0,110000.0,145000.0,210000.0,135.5,235.0,393.5
86303,84000,Arrondissement de Neufchâteau,Arrondissement Neufchâteau,Bezirk Neufchâteau,TOTAL,503,20.0,48000.0,77000.0,125000.0,293.5,358.5,764.5
86330,84000,Arrondissement de Neufchâteau,Arrondissement Neufchâteau,Bezirk Neufchâteau,TOTAL,539,7.0,220.0,110000.0,170000.0,4.0,539.0,1498.0
86415,85000,Arrondissement de Virton,Arrondissement Virton,Bezirk Virton,CESSION,200,26.0,85560.0,152500.0,240000.0,233.0,482.5,1050.0
86907,85000,Arrondissement de Virton,Arrondissement Virton,Bezirk Virton,DONATIMMEUB,200,17.0,57500.0,70000.0,127500.0,250.0,310.0,655.0
87084,85000,Arrondissement de Virton,Arrondissement Virton,Bezirk Virton,OTHER,1,11.0,1184.0,1184.0,1184.0,1640.0,2160.0,2960.0
87087,85000,Arrondissement de Virton,Arrondissement Virton,Bezirk Virton,OTHER,4,5.0,1000.0,1000.0,1000.0,176.0,395.0,440.0
87092,85000,Arrondissement de Virton,Arrondissement Virton,Bezirk Virton,OTHER,9,9.0,1080.0,1112.0,1315.0,1980.0,2630.0,9870.0
87153,85000,Arrondissement de Virton,Arrondissement Virton,Bezirk Virton,OTHER,200,13.0,152500.0,177500.0,247500.0,200.0,530.0,1204.0
87330,85000,Arrondissement de Virton,Arrondissement Virton,Bezirk Virton,PARTAGE,1,6.0,132.0,132.0,132.0,1724.0,3320.0,7330.0
87399,85000,Arrondissement de Virton,Arrondissement Virton,Bezirk Virton,PARTAGE,200,16.0,260000.0,337500.0,400000.0,552.0,1075.0,1806.0
87576,85000,Arrondissement de Virton,Arrondissement Virton,Bezirk Virton,SUCCNALAT,1,154.0,675.0,1077.25,2065.0,1500.0,2435.0,3660.0
87577,85000,Arrondissement de Virton,Arrondissement Virton,Bezirk Virton,SUCCNALAT,2,72.0,1035.75,2215.65,6878.1,1755.0,4104.0,7780.0
87578,85000,Arrondissement de Virton,Arrondissement Virton,Bezirk Virton,SUCCNALAT,3,65.0,820.0,1106.5,2285.0,1610.0,2480.0,3210.0
87579,85000,Arrondissement de Virton,Arrondissement Virton,Bezirk Virton,SUCCNALAT,4,17.0,370.0,25000.0,25000.0,145.0,451.0,740.0
87584,85000,Arrondissement de Virton,Arrondissement Virton,Bezirk Virton,SUCCNALAT,9,25.0,596.05,894.0,12333.0,1390.0,2052.0,2980.0
87603,85000,Arrondissement de Virton,Arrondissement Virton,Bezirk Virton,SUCCNALAT,35,7.0,150.0,794.5,2420.0,252.0,1190.0,2270.0
87645,85000,Arrondissement de Virton,Arrondissement Virton,Bezirk Virton,SUCCNALAT,200,89.0,90000.0,130000.0,180000.0,300.5,459.0,1036.5
87656,85000,Arrondissement de Virton,Arrondissement Virton,Bezirk Virton,SUCCNALAT,240,8.0,96000.0,115000.0,150000.0,262.0,741.0,1687.5
87663,85000,Arrondissement de Virton,Arrondissement Virton,Bezirk Virton,SUCCNALAT,247,8.0,25000.0,25000.0,25000.0,49.0,304.0,529.0
87822,85000,Arrondissement de Virton,Arrondissement Virton,Bezirk Virton,VENTEIMMEUB,1,117.0,1250.0,1673.0,8050.0,1380.0,2000.0,3080.0
87823,85000,Arrondissement de Virton,Arrondissement Virton,Bezirk Virton,VENTEIMMEUB,2,100.0,15000.0,47000.0,80000.0,1540.0,2560.0,4724.0
87824,85000,Arrondissement de Virton,Arrondissement Virton,Bezirk Virton,VENTEIMMEUB,3,134.0,400.0,500.0,85000.0,930.0,1840.0,2940.0
87825,85000,Arrondissement de Virton,Arrondissement Virton,Bezirk Virton,VENTEIMMEUB,4,30.0,10000.0,22500.0,30000.0,93.0,241.0,623.0
87830,85000,Arrondissement de Virton,Arrondissement Virton,Bezirk Virton,VENTEIMMEUB,9,84.0,685.0,1150.0,2000.0,1760.0,2470.0,4050.0
87849,85000,Arrondissement de Virton,Arrondissement Virton,Bezirk Virton,VENTEIMMEUB,35,7.0,1000.0,1000.0,1000.0,1397.0,2130.0,2500.0
87873,85000,Arrondissement de Virton,Arrondissement Virton,Bezirk Virton,VENTEIMMEUB,70,21.0,5000.0,5940.0,90000.0,127.0,437.0,1422.0
87881,85000,Arrondissement de Virton,Arrondissement Virton,Bezirk Virton,VENTEIMMEUB,78,22.0,55000.0,75000.0,115000.0,875.0,1116.5,1283.0
87891,85000,Arrondissement de Virton,Arrondissement Virton,Bezirk Virton,VENTEIMMEUB,200,119.0,117500.0,167000.0,212500.0,266.0,485.0,902.0
87909,85000,Arrondissement de Virton,Arrondissement Virton,Bezirk Virton,VENTEIMMEUB,247,9.0,20000.0,20000.0,20000.0,20.0,54.0,111.0
87977,85000,Arrondissement de Virton,Arrondissement Virton,Bezirk Virton,VENTEIMMEUB,407,5.0,80000.0,165000.0,175000.0,55.0,214.0,810.0
88052,85000,Arrondissement de Virton,Arrondissement Virton,Bezirk Virton,VENTEIMMEUB,539,8.0,30000.0,130000.0,200000.0,183.0,489.0,801.0
88314,85000,Arrondissement de Virton,Arrondissement Virton,Bezirk Virton,TOTAL,1,332.0,690.0,1100.0,2173.5,1470.0,2305.0,3455.0
88315,85000,Arrondissement de Virton,Arrondissement Virton,Bezirk Virton,TOTAL,2,222.0,1170.0,2870.0,8419.5,1659.0,3375.0,6400.0
88316,85000,Arrondissement de Virton,Arrondissement Virton,Bezirk Virton,TOTAL,3,259.0,770.0,1100.0,2285.0,1230.0,2020.0,3424.0
88317,85000,Arrondissement de Virton,Arrondissement Virton,Bezirk Virton,TOTAL,4,73.0,600.0,22500.0,30000.0,102.0,300.0,550.0
88322,85000,Arrondissement de Virton,Arrondissement Virton,Bezirk Virton,TOTAL,9,137.0,685.0,1080.0,2000.0,1680.0,2449.0,4040.0
88323,85000,Arrondissement de Virton,Arrondissement Virton,Bezirk Virton,TOTAL,10,8.0,6500.0,20750.0,35000.0,554.0,1336.0,2725.0
88339,85000,Arrondissement de Virton,Arrondissement Virton,Bezirk Virton,TOTAL,33,17.0,20.3,130.15,240.0,30.0,50.0,110.0
88341,85000,Arrondissement de Virton,Arrondissement Virton,Bezirk Virton,TOTAL,35,21.0,472.25,897.25,1710.0,1190.0,2270.0,5140.0
88365,85000,Arrondissement de Virton,Arrondissement Virton,Bezirk Virton,TOTAL,70,37.0,5000.0,5940.0,25000.0,54.0,427.0,1422.0
88373,85000,Arrondissement de Virton,Arrondissement Virton,Bezirk Virton,TOTAL,78,41.0,52000.0,74000.0,115000.0,573.0,1047.0,1175.0
88383,85000,Arrondissement de Virton,Arrondissement Virton,Bezirk Virton,TOTAL,200,289.0,100000.0,150000.0,200000.0,264.5,500.0,1009.0
88386,85000,Arrondissement de Virton,Arrondissement Virton,Bezirk Virton,TOTAL,203,5.0,5000.0,12500.0,20000.0,21.0,26.0,41.0
88387,85000,Arrondissement de Virton,Arrondissement Virton,Bezirk Virton,TOTAL,204,15.0,6000.0,6000.0,6000.0,29.0,56.0,112.0
88394,85000,Arrondissement de Virton,Arrondissement Virton,Bezirk Virton,TOTAL,240,15.0,96000.0,115000.0,150000.0,400.0,1022.0,2036.0
88401,85000,Arrondissement de Virton,Arrondissement Virton,Bezirk Virton,TOTAL,247,26.0,20000.0,22500.0,25000.0,50.0,111.0,377.0
88469,85000,Arrondissement de Virton,Arrondissement Virton,Bezirk Virton,TOTAL,407,9.0,80000.0,150000.0,165000.0,87.0,240.0,830.0
88544,85000,Arrondissement de Virton,Arrondissement Virton,Bezirk Virton,TOTAL,539,8.0,30000.0,130000.0,200000.0,183.0,489.0,801.0
88629,91000,Arrondissement de Dinant,Arrondissement Dinant,Bezirk Dinant,CESSION,200,5.0,60000.0,70000.0,90000.0,452.0,470.0,560.0
89054,91000,Arrondissement de Dinant,Arrondissement Dinant,Bezirk Dinant,DONATIMMEUB,3,6.0,50000.0,50000.0,50000.0,500.0,3803.0,6155.0
89121,91000,Arrondissement de Dinant,Arrondissement Dinant,Bezirk Dinant,DONATIMMEUB,200,26.0,120000.0,150000.0,220000.0,820.0,1126.5,1926.0
89255,91000,Arrondissement de Dinant,Arrondissement Dinant,Bezirk Dinant,DONATIMMEUB,503,5.0,8700.0,8700.0,8700.0,371.0,605.0,845.0
89299,91000,Arrondissement de Dinant,Arrondissement Dinant,Bezirk Dinant,OTHER,2,15.0,50000.0,50000.0,50000.0,1417.0,3009.0,8125.0
89349,91000,Arrondissement de Dinant,Arrondissement Dinant,Bezirk Dinant,OTHER,70,21.0,218160.0,218160.0,218160.0,32.0,266.0,885.0
89367,91000,Arrondissement de Dinant,Arrondissement Dinant,Bezirk Dinant,OTHER,200,56.0,157300.0,200000.0,310000.0,344.5,853.0,1171.5
89501,91000,Arrondissement de Dinant,Arrondissement Dinant,Bezirk Dinant,OTHER,503,7.0,10000.0,10000.0,10000.0,46.0,333.0,845.0
89545,91000,Arrondissement de Dinant,Arrondissement Dinant,Bezirk Dinant,PARTAGE,2,25.0,350000.0,350000.0,350000.0,1479.0,4061.0,5177.0
89613,91000,Arrondissement de Dinant,Arrondissement Dinant,Bezirk Dinant,PARTAGE,200,45.0,120000.0,144544.16,204000.0,269.0,534.0,1040.0
89790,91000,Arrondissement de Dinant,Arrondissement Dinant,Bezirk Dinant,SUCCNALAT,1,106.0,912.0,1442.5,4981.5,1650.0,2320.0,4320.0
89791,91000,Arrondissement de Dinant,Arrondissement Dinant,Bezirk Dinant,SUCCNALAT,2,116.0,703.0,2102.5,7781.0,1260.0,2620.0,6638.0
89792,91000,Arrondissement de Dinant,Arrondissement Dinant,Bezirk Dinant,SUCCNALAT,3,34.0,300.0,1060.0,4806.0,334.0,735.0,2540.0
89793,91000,Arrondissement de Dinant,Arrondissement Dinant,Bezirk Dinant,SUCCNALAT,4,15.0,76.8,500.0,10000.0,129.0,258.0,490.0
89798,91000,Arrondissement de Dinant,Arrondissement Dinant,Bezirk Dinant,SUCCNALAT,9,74.0,620.0,1582.5,6345.0,1100.0,2623.5,4550.0
89799,91000,Arrondissement de Dinant,Arrondissement Dinant,Bezirk Dinant,SUCCNALAT,10,7.0,1092.0,6695.5,14871.61,965.0,1686.0,2730.0
89810,91000,Arrondissement de Dinant,Arrondissement Dinant,Bezirk Dinant,SUCCNALAT,26,7.0,200.0,200.0,1420.0,180.0,408.0,891.0
89815,91000,Arrondissement de Dinant,Arrondissement Dinant,Bezirk Dinant,SUCCNALAT,33,11.0,400.0,1700.0,3000.0,286.0,404.0,1430.0
89817,91000,Arrondissement de Dinant,Arrondissement Dinant,Bezirk Dinant,SUCCNALAT,35,24.0,100.0,185.0,300.0,340.0,720.0,1223.0
89841,91000,Arrondissement de Dinant,Arrondissement Dinant,Bezirk Dinant,SUCCNALAT,70,11.0,30000.0,35000.0,40000.0,983.0,2010.0,3418.0
89849,91000,Arrondissement de Dinant,Arrondissement Dinant,Bezirk Dinant,SUCCNALAT,78,5.0,45000.0,47500.0,50000.0,657.0,1308.0,1470.0
89859,91000,Arrondissement de Dinant,Arrondissement Dinant,Bezirk Dinant,SUCCNALAT,200,210.0,105000.0,145000.0,175000.0,310.0,701.5,1114.0
89862,91000,Arrondissement de Dinant,Arrondissement Dinant,Bezirk Dinant,SUCCNALAT,203,10.0,96.0,25048.0,50000.0,24.0,52.0,95.0
89863,91000,Arrondissement de Dinant,Arrondissement Dinant,Bezirk Dinant,SUCCNALAT,204,5.0,4957.87,4957.87,4957.87,31.0,33.0,39.0
89870,91000,Arrondissement de Dinant,Arrondissement Dinant,Bezirk Dinant,SUCCNALAT,240,5.0,126750.0,162500.0,182500.0,1293.0,1728.0,2501.0
89877,91000,Arrondissement de Dinant,Arrondissement Dinant,Bezirk Dinant,SUCCNALAT,247,9.0,55.0,280.0,10250.0,46.0,100.0,140.0
89993,91000,Arrondissement de Dinant,Arrondissement Dinant,Bezirk Dinant,SUCCNALAT,503,26.0,17500.0,27500.0,68000.0,230.0,338.0,1026.0
90036,91000,Arrondissement de Dinant,Arrondissement Dinant,Bezirk Dinant,VENTEIMMEUB,1,72.0,1200.0,4000.0,58000.0,1930.0,3178.0,5754.0
90037,91000,Arrondissement de Dinant,Arrondissement Dinant,Bezirk Dinant,VENTEIMMEUB,2,70.0,6934.0,28500.0,56600.0,1258.0,3305.0,6380.0
90038,91000,Arrondissement de Dinant,Arrondissement Dinant,Bezirk Dinant,VENTEIMMEUB,3,12.0,800.0,1250.0,4000.0,444.0,1535.0,8879.0
90039,91000,Arrondissement de Dinant,Arrondissement Dinant,Bezirk Dinant,VENTEIMMEUB,4,45.0,6000.0,10000.0,25000.0,150.0,380.0,592.0
90044,91000,Arrondissement de Dinant,Arrondissement Dinant,Bezirk Dinant,VENTEIMMEUB,9,101.0,1000.0,1587.75,5000.0,1580.0,3060.0,5958.0
90045,91000,Arrondissement de Dinant,Arrondissement Dinant,Bezirk Dinant,VENTEIMMEUB,10,15.0,67000.0,67000.0,67000.0,883.0,2097.0,2820.0
90061,91000,Arrondissement de Dinant,Arrondissement Dinant,Bezirk Dinant,VENTEIMMEUB,33,17.0,4920.0,4960.0,5000.0,95.0,175.0,329.0
90063,91000,Arrondissement de Dinant,Arrondissement Dinant,Bezirk Dinant,VENTEIMMEUB,35,13.0,250.0,310.0,3600.0,100.0,494.0,1300.0
90087,91000,Arrondissement de Dinant,Arrondissement Dinant,Bezirk Dinant,VENTEIMMEUB,70,87.0,7592.1,46695.0,70000.0,435.0,917.0,1613.0
90095,91000,Arrondissement de Dinant,Arrondissement Dinant,Bezirk Dinant,VENTEIMMEUB,78,21.0,45000.0,51500.0,68000.0,781.0,1030.0,1254.0
90105,91000,Arrondissement de Dinant,Arrondissement Dinant,Bezirk Dinant,VENTEIMMEUB,200,275.0,125000.0,169500.0,215000.0,287.0,606.0,1109.0
90108,91000,Arrondissement de Dinant,Arrondissement Dinant,Bezirk Dinant,VENTEIMMEUB,203,8.0,47000.0,51000.0,55000.0,16.0,89.5,450.5
90109,91000,Arrondissement de Dinant,Arrondissement Dinant,Bezirk Dinant,VENTEIMMEUB,204,12.0,17000.0,18000.0,19000.0,23.0,47.5,70.5
90123,91000,Arrondissement de Dinant,Arrondissement Dinant,Bezirk Dinant,VENTEIMMEUB,247,12.0,200.0,950.0,15000.0,18.0,39.0,112.5
90191,91000,Arrondissement de Dinant,Arrondissement Dinant,Bezirk Dinant,VENTEIMMEUB,407,10.0,59000.0,90000.0,160000.0,100.0,234.5,329.0
90239,91000,Arrondissement de Dinant,Arrondissement Dinant,Bezirk Dinant,VENTEIMMEUB,503,64.0,10000.0,30500.0,75000.0,200.0,327.5,723.0
90266,91000,Arrondissement de Dinant,Arrondissement Dinant,Bezirk Dinant,VENTEIMMEUB,539,9.0,2500.0,56500.0,100000.0,39.0,142.0,851.0
90351,91000,Arrondissement de Dinant,Arrondissement Dinant,Bezirk Dinant,VENTEPUBIMMEUB,200,7.0,51762.0,111000.0,176097.0,204.0,630.0,957.0
90485,91000,Arrondissement de Dinant,Arrondissement Dinant,Bezirk Dinant,VENTEPUBIMMEUB,503,8.0,5000.0,20000.0,36512.16,269.0,438.0,552.5
90528,91000,Arrondissement de Dinant,Arrondissement Dinant,Bezirk Dinant,TOTAL,1,241.0,1000.0,1911.0,5500.0,1720.0,2791.0,6664.0
90529,91000,Arrondissement de Dinant,Arrondissement Dinant,Bezirk Dinant,TOTAL,2,290.0,734.75,5216.0,25000.0,1310.0,3185.0,6660.0
90530,91000,Arrondissement de Dinant,Arrondissement Dinant,Bezirk Dinant,TOTAL,3,57.0,460.0,1185.0,4806.0,365.0,1242.0,3000.0
90531,91000,Arrondissement de Dinant,Arrondissement Dinant,Bezirk Dinant,TOTAL,4,67.0,288.7,4290.0,12500.0,150.0,353.0,592.0
90535,91000,Arrondissement de Dinant,Arrondissement Dinant,Bezirk Dinant,TOTAL,8,8.0,3000.0,3000.0,3000.0,235.0,540.0,2127.5
90536,91000,Arrondissement de Dinant,Arrondissement Dinant,Bezirk Dinant,TOTAL,9,224.0,755.5,1540.0,6250.0,1487.5,2907.5,6846.0
90537,91000,Arrondissement de Dinant,Arrondissement Dinant,Bezirk Dinant,TOTAL,10,27.0,3893.75,10783.555,40935.805,965.0,2097.0,3425.0
90548,91000,Arrondissement de Dinant,Arrondissement Dinant,Bezirk Dinant,TOTAL,26,11.0,200.0,269.0,879.0,286.0,504.0,891.0
90553,91000,Arrondissement de Dinant,Arrondissement Dinant,Bezirk Dinant,TOTAL,33,32.0,1700.0,3960.0,4960.0,121.5,314.0,538.5
90555,91000,Arrondissement de Dinant,Arrondissement Dinant,Bezirk Dinant,TOTAL,35,47.0,110.0,241.25,315.0,220.0,740.0,1588.0
90579,91000,Arrondissement de Dinant,Arrondissement Dinant,Bezirk Dinant,TOTAL,70,138.0,8000.0,43500.0,70000.0,377.0,910.5,1602.0
90587,91000,Arrondissement de Dinant,Arrondissement Dinant,Bezirk Dinant,TOTAL,78,31.0,45000.0,50000.0,65809.72,781.0,1097.0,1470.0
90597,91000,Arrondissement de Dinant,Arrondissement Dinant,Bezirk Dinant,TOTAL,200,644.0,119500.0,150000.0,200000.0,300.0,663.5,1121.5
90600,91000,Arrondissement de Dinant,Arrondissement Dinant,Bezirk Dinant,TOTAL,203,23.0,23548.0,48500.0,52500.0,24.0,56.0,131.0
90601,91000,Arrondissement de Dinant,Arrondissement Dinant,Bezirk Dinant,TOTAL,204,21.0,4957.87,17500.0,19000.0,25.0,36.0,60.0
90608,91000,Arrondissement de Dinant,Arrondissement Dinant,Bezirk Dinant,TOTAL,240,12.0,120000.0,160000.0,165000.0,1143.5,1812.0,2725.5
90615,91000,Arrondissement de Dinant,Arrondissement Dinant,Bezirk Dinant,TOTAL,247,32.0,60.0,500.0,15000.0,43.0,94.0,390.0
90664,91000,Arrondissement de Dinant,Arrondissement Dinant,Bezirk Dinant,TOTAL,371,5.0,161722.13,166361.065,171000.0,421.0,482.0,1649.0
90683,91000,Arrondissement de Dinant,Arrondissement Dinant,Bezirk Dinant,TOTAL,407,17.0,57000.0,110000.0,180000.0,144.0,295.0,329.0
90731,91000,Arrondissement de Dinant,Arrondissement Dinant,Bezirk Dinant,TOTAL,503,118.0,10000.0,29500.0,75000.0,202.0,363.0,766.0
90758,91000,Arrondissement de Dinant,Arrondissement Dinant,Bezirk Dinant,TOTAL,539,17.0,2500.0,85000.0,100000.0,39.0,111.0,223.0
90774,92000,Arrondissement de Namur,Arrondissement Namen,Bezirk Namur,CESSION,1,6.0,11723.11,18361.555,25000.0,3373.0,4228.5,9975.0
90775,92000,Arrondissement de Namur,Arrondissement Namen,Bezirk Namur,CESSION,2,10.0,75000.4,143920.2,212840.0,973.0,2942.0,8680.0
90825,92000,Arrondissement de Namur,Arrondissement Namen,Bezirk Namur,CESSION,70,10.0,25000.0,70000.0,80000.0,264.0,744.0,1006.0
90843,92000,Arrondissement de Namur,Arrondissement Namen,Bezirk Namur,CESSION,200,106.0,165000.0,202500.0,250000.0,385.0,761.0,1093.0
91089,92000,Arrondissement de Namur,Arrondissement Namen,Bezirk Namur,COMMUNAUTE,200,48.0,300000.0,300000.0,300000.0,335.0,873.0,1321.0
91266,92000,Arrondissement de Namur,Arrondissement Namen,Bezirk Namur,DONATIMMEUB,1,26.0,60000.0,101700.0,143400.0,4550.0,7957.0,22750.0
91267,92000,Arrondissement de Namur,Arrondissement Namen,Bezirk Namur,DONATIMMEUB,2,26.0,130000.0,130000.0,130000.0,2327.0,6164.5,15000.0
91317,92000,Arrondissement de Namur,Arrondissement Namen,Bezirk Namur,DONATIMMEUB,70,24.0,25905.0,42500.0,105630.0,701.5,1021.0,1438.0
91325,92000,Arrondissement de Namur,Arrondissement Namen,Bezirk Namur,DONATIMMEUB,78,5.0,85360.0,89440.0,105000.0,1068.0,1118.0,1365.0
91335,92000,Arrondissement de Namur,Arrondissement Namen,Bezirk Namur,DONATIMMEUB,200,47.0,99990.0,177500.0,250000.0,240.0,615.0,1082.0
91496,92000,Arrondissement de Namur,Arrondissement Namen,Bezirk Namur,DONATIMMEUB,539,6.0,4600.0,34800.0,65000.0,176.0,206.5,1146.0
91563,92000,Arrondissement de Namur,Arrondissement Namen,Bezirk Namur,OTHER,70,52.0,50000.0,137800.0,255931.5,277.5,751.0,1444.0
91581,92000,Arrondissement de Namur,Arrondissement Namen,Bezirk Namur,OTHER,200,127.0,140000.0,185000.0,255000.0,371.0,862.0,1176.0
91667,92000,Arrondissement de Namur,Arrondissement Namen,Bezirk Namur,OTHER,407,8.0,162500.0,162500.0,162500.0,54.0,220.5,317.0
91698,92000,Arrondissement de Namur,Arrondissement Namen,Bezirk Namur,OTHER,460,7.0,120000.0,120000.0,120000.0,1031.0,1290.0,2020.0
91742,92000,Arrondissement de Namur,Arrondissement Namen,Bezirk Namur,OTHER,539,5.0,9.9,9.9,240000.0,37.0,458.0,549.0
91809,92000,Arrondissement de Namur,Arrondissement Namen,Bezirk Namur,PARTAGE,70,11.0,30000.0,30000.0,30000.0,624.0,1490.0,3000.0
91827,92000,Arrondissement de Namur,Arrondissement Namen,Bezirk Namur,PARTAGE,200,44.0,165000.0,220000.0,312000.0,267.5,567.5,869.0
91988,92000,Arrondissement de Namur,Arrondissement Namen,Bezirk Namur,PARTAGE,539,5.0,115000.0,115000.0,115000.0,193.0,193.0,220.0
92004,92000,Arrondissement de Namur,Arrondissement Namen,Bezirk Namur,SUCCNALAT,1,162.0,11568.0,34951.0,109000.0,1764.0,6805.0,21340.0
92005,92000,Arrondissement de Namur,Arrondissement Namen,Bezirk Namur,SUCCNALAT,2,155.0,6260.0,14812.0,50000.0,2000.0,4919.0,11508.0
92006,92000,Arrondissement de Namur,Arrondissement Namen,Bezirk Namur,SUCCNALAT,3,22.0,5512.5,74875.0,130969.0,620.0,1591.5,3477.0
92007,92000,Arrondissement de Namur,Arrondissement Namen,Bezirk Namur,SUCCNALAT,4,31.0,5000.0,24874.0,44748.0,169.0,353.0,521.0
92012,92000,Arrondissement de Namur,Arrondissement Namen,Bezirk Namur,SUCCNALAT,9,59.0,3450.0,5775.0,8000.0,1660.0,4510.0,13170.0
92013,92000,Arrondissement de Namur,Arrondissement Namen,Bezirk Namur,SUCCNALAT,10,21.0,4590.0,13640.0,34680.0,621.0,1260.0,4640.0
92029,92000,Arrondissement de Namur,Arrondissement Namen,Bezirk Namur,SUCCNALAT,33,14.0,6450.0,6450.0,6450.0,118.0,259.0,298.0
92031,92000,Arrondissement de Namur,Arrondissement Namen,Bezirk Namur,SUCCNALAT,35,16.0,2500.0,3000.0,150000.0,109.5,622.0,1724.5
92055,92000,Arrondissement de Namur,Arrondissement Namen,Bezirk Namur,SUCCNALAT,70,13.0,2850.0,38700.0,74550.0,407.0,1353.0,1921.0
92063,92000,Arrondissement de Namur,Arrondissement Namen,Bezirk Namur,SUCCNALAT,78,6.0,70000.0,85000.0,95000.0,1100.0,1159.0,1262.0
92073,92000,Arrondissement de Namur,Arrondissement Namen,Bezirk Namur,SUCCNALAT,200,445.0,135000.0,170000.0,220000.0,339.0,707.0,1165.0
92077,92000,Arrondissement de Namur,Arrondissement Namen,Bezirk Namur,SUCCNALAT,204,13.0,5000.0,12500.0,15000.0,40.0,60.0,71.0
92159,92000,Arrondissement de Namur,Arrondissement Namen,Bezirk Namur,SUCCNALAT,407,14.0,135000.0,210000.0,305000.0,115.0,183.0,364.0
92250,92000,Arrondissement de Namur,Arrondissement Namen,Bezirk Namur,VENTEIMMEUB,1,36.0,25000.0,70500.0,120000.0,1575.0,3800.5,8486.0
92251,92000,Arrondissement de Namur,Arrondissement Namen,Bezirk Namur,VENTEIMMEUB,2,64.0,10090.0,50000.0,105000.0,1388.0,2474.0,4195.0
92252,92000,Arrondissement de Namur,Arrondissement Namen,Bezirk Namur,VENTEIMMEUB,3,11.0,60000.0,68750.0,80000.0,320.0,689.0,990.0
92253,92000,Arrondissement de Namur,Arrondissement Namen,Bezirk Namur,VENTEIMMEUB,4,33.0,10400.0,28500.0,61035.0,223.0,444.0,717.0
92258,92000,Arrondissement de Namur,Arrondissement Namen,Bezirk Namur,VENTEIMMEUB,9,9.0,30000.0,42500.0,55000.0,675.0,4696.0,8840.0
92259,92000,Arrondissement de Namur,Arrondissement Namen,Bezirk Namur,VENTEIMMEUB,10,11.0,55000.0,67500.0,260000.0,475.0,1205.0,3520.0
92277,92000,Arrondissement de Namur,Arrondissement Namen,Bezirk Namur,VENTEIMMEUB,35,9.0,30000.0,62500.0,95000.0,466.0,935.0,1798.0
92301,92000,Arrondissement de Namur,Arrondissement Namen,Bezirk Namur,VENTEIMMEUB,70,147.0,30000.0,68535.5,96000.0,253.0,720.0,1233.0
92309,92000,Arrondissement de Namur,Arrondissement Namen,Bezirk Namur,VENTEIMMEUB,78,29.0,53500.0,82000.0,126168.72,499.0,745.0,1057.0
92319,92000,Arrondissement de Namur,Arrondissement Namen,Bezirk Namur,VENTEIMMEUB,200,587.0,150000.0,200000.0,265000.0,270.0,630.0,1084.0
92322,92000,Arrondissement de Namur,Arrondissement Namen,Bezirk Namur,VENTEIMMEUB,203,11.0,50000.0,75000.0,90000.0,33.0,81.0,852.0
92323,92000,Arrondissement de Namur,Arrondissement Namen,Bezirk Namur,VENTEIMMEUB,204,19.0,10500.0,17750.0,45100.0,21.0,36.5,67.0
92386,92000,Arrondissement de Namur,Arrondissement Namen,Bezirk Namur,VENTEIMMEUB,371,6.0,72000.0,124000.0,152000.0,233.0,936.0,1233.0
92405,92000,Arrondissement de Namur,Arrondissement Namen,Bezirk Namur,VENTEIMMEUB,407,30.0,200000.0,242500.0,350000.0,92.0,164.5,506.0
92480,92000,Arrondissement de Namur,Arrondissement Namen,Bezirk Namur,VENTEIMMEUB,539,19.0,75000.0,103950.0,240000.0,194.0,279.0,684.0
92565,92000,Arrondissement de Namur,Arrondissement Namen,Bezirk Namur,VENTEPUBIMMEUB,200,14.0,63185.5,84700.075,110673.25,210.0,446.5,1060.0
92742,92000,Arrondissement de Namur,Arrondissement Namen,Bezirk Namur,TOTAL,1,249.0,16525.0,46993.75,115000.0,1765.0,6105.0,17090.0
92743,92000,Arrondissement de Namur,Arrondissement Namen,Bezirk Namur,TOTAL,2,288.0,8340.0,23496.0,89100.0,1695.0,3775.0,8770.0
92744,92000,Arrondissement de Namur,Arrondissement Namen,Bezirk Namur,TOTAL,3,42.0,47500.0,70000.0,85938.0,501.0,1295.0,2250.0
92745,92000,Arrondissement de Namur,Arrondissement Namen,Bezirk Namur,TOTAL,4,86.0,10400.0,37500.0,61035.0,221.0,460.5,763.0
92750,92000,Arrondissement de Namur,Arrondissement Namen,Bezirk Namur,TOTAL,9,73.0,5000.0,6613.75,28103.0,1950.0,4696.0,10870.0
92751,92000,Arrondissement de Namur,Arrondissement Namen,Bezirk Namur,TOTAL,10,41.0,7295.0,18859.5,68750.0,682.0,1260.0,3320.0
92767,92000,Arrondissement de Namur,Arrondissement Namen,Bezirk Namur,TOTAL,33,25.0,6450.0,6450.0,6450.0,130.0,263.0,450.0
92769,92000,Arrondissement de Namur,Arrondissement Namen,Bezirk Namur,TOTAL,35,37.0,3000.0,30000.0,95000.0,215.0,729.0,1934.0
92790,92000,Arrondissement de Namur,Arrondissement Namen,Bezirk Namur,TOTAL,67,6.0,650.0,650.0,650.0,499.0,587.5,2114.0
92793,92000,Arrondissement de Namur,Arrondissement Namen,Bezirk Namur,TOTAL,70,259.0,30000.0,69267.75,96000.0,360.0,800.0,1400.0
92801,92000,Arrondissement de Namur,Arrondissement Namen,Bezirk Namur,TOTAL,78,58.0,62500.0,84500.0,105725.5,648.0,1015.5,1273.0
92811,92000,Arrondissement de Namur,Arrondissement Namen,Bezirk Namur,TOTAL,200,1418.0,145000.0,185000.0,250000.0,305.0,699.0,1115.0
92814,92000,Arrondissement de Namur,Arrondissement Namen,Bezirk Namur,TOTAL,203,19.0,50000.0,75000.0,90000.0,14.0,26.0,110.0
92815,92000,Arrondissement de Namur,Arrondissement Namen,Bezirk Namur,TOTAL,204,42.0,7750.0,13000.0,30000.0,28.0,51.0,138.0
92820,92000,Arrondissement de Namur,Arrondissement Namen,Bezirk Namur,TOTAL,222,5.0,175000.0,399000.0,750000.0,144.0,151.0,359.0
92822,92000,Arrondissement de Namur,Arrondissement Namen,Bezirk Namur,TOTAL,240,11.0,167500.0,246250.0,311250.0,1270.0,1711.0,3098.0
92829,92000,Arrondissement de Namur,Arrondissement Namen,Bezirk Namur,TOTAL,247,25.0,100000.0,100000.0,100000.0,49.0,100.0,395.0
92878,92000,Arrondissement de Namur,Arrondissement Namen,Bezirk Namur,TOTAL,371,13.0,47500.0,92500.0,143500.0,233.0,686.0,957.0
92892,92000,Arrondissement de Namur,Arrondissement Namen,Bezirk Namur,TOTAL,402,8.0,395000.0,567500.0,740000.0,346.5,943.0,2442.5
92897,92000,Arrondissement de Namur,Arrondissement Namen,Bezirk Namur,TOTAL,407,62.0,155000.0,225000.0,300000.0,104.0,193.0,424.0
92928,92000,Arrondissement de Namur,Arrondissement Namen,Bezirk Namur,TOTAL,460,8.0,120000.0,120000.0,120000.0,1031.0,1200.0,2020.0
92953,92000,Arrondissement de Namur,Arrondissement Namen,Bezirk Namur,TOTAL,520,7.0,500.0,50000.0,129103.0,40.0,316.0,936.0
92972,92000,Arrondissement de Namur,Arrondissement Namen,Bezirk Namur,TOTAL,539,39.0,46802.5,90450.0,195000.0,169.0,220.0,621.0
93480,93000,Arrondissement de Philippeville,Arrondissement Philippeville,Bezirk Philippeville,DONATIMMEUB,1,12.0,30000.0,30000.0,30000.0,2770.0,9230.0,65799.5
93481,93000,Arrondissement de Philippeville,Arrondissement Philippeville,Bezirk Philippeville,DONATIMMEUB,2,26.0,27500.0,36250.0,45000.0,1530.0,4650.0,10804.0
93531,93000,Arrondissement de Philippeville,Arrondissement Philippeville,Bezirk Philippeville,DONATIMMEUB,70,5.0,70000.0,70000.0,70000.0,250.0,990.0,1119.0
93549,93000,Arrondissement de Philippeville,Arrondissement Philippeville,Bezirk Philippeville,DONATIMMEUB,200,11.0,77500.0,142500.0,222500.0,210.0,801.0,1560.0
93727,93000,Arrondissement de Philippeville,Arrondissement Philippeville,Bezirk Philippeville,OTHER,2,7.0,500.0,500.0,500.0,2440.0,2610.0,4080.0
93795,93000,Arrondissement de Philippeville,Arrondissement Philippeville,Bezirk Philippeville,OTHER,200,42.0,100000.0,143750.0,197500.0,371.0,762.0,1148.0
94041,93000,Arrondissement de Philippeville,Arrondissement Philippeville,Bezirk Philippeville,PARTAGE,200,22.0,74877.63,145000.0,205000.0,340.0,632.0,1543.0
94218,93000,Arrondissement de Philippeville,Arrondissement Philippeville,Bezirk Philippeville,SUCCNALAT,1,47.0,2630.0,3928.0,12351.875,2200.0,3850.0,7650.0
94219,93000,Arrondissement de Philippeville,Arrondissement Philippeville,Bezirk Philippeville,SUCCNALAT,2,75.0,1600.0,5650.0,59008.0,972.0,2752.0,4796.0
94220,93000,Arrondissement de Philippeville,Arrondissement Philippeville,Bezirk Philippeville,SUCCNALAT,3,36.0,615.0,1545.0,10554.375,215.0,810.0,3185.0
94221,93000,Arrondissement de Philippeville,Arrondissement Philippeville,Bezirk Philippeville,SUCCNALAT,4,17.0,2278.0,3022.5,3671.0,111.0,214.0,316.0
94226,93000,Arrondissement de Philippeville,Arrondissement Philippeville,Bezirk Philippeville,SUCCNALAT,9,16.0,142.0,750.0,50000.0,1222.5,2040.0,4598.0
94243,93000,Arrondissement de Philippeville,Arrondissement Philippeville,Bezirk Philippeville,SUCCNALAT,33,7.0,360.0,1380.0,2400.0,48.0,129.0,142.0
94269,93000,Arrondissement de Philippeville,Arrondissement Philippeville,Bezirk Philippeville,SUCCNALAT,70,6.0,14390.0,27000.0,30625.0,496.0,1629.0,3443.0
94287,93000,Arrondissement de Philippeville,Arrondissement Philippeville,Bezirk Philippeville,SUCCNALAT,200,112.0,80000.0,121000.0,175000.0,263.5,541.0,950.0
94291,93000,Arrondissement de Philippeville,Arrondissement Philippeville,Bezirk Philippeville,SUCCNALAT,204,11.0,5000.0,5000.0,5000.0,19.0,25.0,90.0
94421,93000,Arrondissement de Philippeville,Arrondissement Philippeville,Bezirk Philippeville,SUCCNALAT,503,10.0,5000.0,6250.0,80000.0,601.0,996.0,1300.0
94464,93000,Arrondissement de Philippeville,Arrondissement Philippeville,Bezirk Philippeville,VENTEIMMEUB,1,29.0,1375.0,2750.0,5350.0,1140.0,3420.0,6146.0
94465,93000,Arrondissement de Philippeville,Arrondissement Philippeville,Bezirk Philippeville,VENTEIMMEUB,2,63.0,5670.0,30000.0,50000.0,1190.0,3709.0,7250.0
94466,93000,Arrondissement de Philippeville,Arrondissement Philippeville,Bezirk Philippeville,VENTEIMMEUB,3,30.0,1325.0,3500.0,17500.0,1200.0,2820.0,6000.0
94467,93000,Arrondissement de Philippeville,Arrondissement Philippeville,Bezirk Philippeville,VENTEIMMEUB,4,31.0,750.0,4000.0,10000.0,197.0,308.0,520.0
94472,93000,Arrondissement de Philippeville,Arrondissement Philippeville,Bezirk Philippeville,VENTEIMMEUB,9,19.0,4500.0,25875.0,36000.0,1480.0,2816.0,6661.0
94491,93000,Arrondissement de Philippeville,Arrondissement Philippeville,Bezirk Philippeville,VENTEIMMEUB,35,6.0,3248.32,11624.16,20000.0,39.0,1965.0,3743.0
94515,93000,Arrondissement de Philippeville,Arrondissement Philippeville,Bezirk Philippeville,VENTEIMMEUB,70,37.0,15000.0,39290.0,50000.0,441.0,1208.0,2591.0
94533,93000,Arrondissement de Philippeville,Arrondissement Philippeville,Bezirk Philippeville,VENTEIMMEUB,200,151.0,92500.0,146250.0,200000.0,213.0,443.0,892.0
94551,93000,Arrondissement de Philippeville,Arrondissement Philippeville,Bezirk Philippeville,VENTEIMMEUB,247,10.0,13500.0,31750.0,50000.0,28.0,128.5,200.0
94667,93000,Arrondissement de Philippeville,Arrondissement Philippeville,Bezirk Philippeville,VENTEIMMEUB,503,22.0,6000.0,42500.0,85000.0,320.0,978.0,1594.0
94956,93000,Arrondissement de Philippeville,Arrondissement Philippeville,Bezirk Philippeville,TOTAL,1,97.0,2485.0,3870.0,12216.25,2200.0,3986.0,9886.0
94957,93000,Arrondissement de Philippeville,Arrondissement Philippeville,Bezirk Philippeville,TOTAL,2,191.0,2152.0,13000.0,50000.0,1382.0,3390.0,7080.0
94958,93000,Arrondissement de Philippeville,Arrondissement Philippeville,Bezirk Philippeville,TOTAL,3,78.0,615.0,2096.75,12683.75,760.0,1992.0,5319.0
94959,93000,Arrondissement de Philippeville,Arrondissement Philippeville,Bezirk Philippeville,TOTAL,4,56.0,1556.0,3045.0,6750.0,160.0,306.5,483.5
94964,93000,Arrondissement de Philippeville,Arrondissement Philippeville,Bezirk Philippeville,TOTAL,9,44.0,515.0,4500.0,36000.0,1402.5,2956.0,6807.5
94965,93000,Arrondissement de Philippeville,Arrondissement Philippeville,Bezirk Philippeville,TOTAL,10,17.0,5000.0,15000.0,25000.0,744.0,1253.0,2020.0
94981,93000,Arrondissement de Philippeville,Arrondissement Philippeville,Bezirk Philippeville,TOTAL,33,21.0,360.0,1380.0,2400.0,60.0,90.0,142.0
94983,93000,Arrondissement de Philippeville,Arrondissement Philippeville,Bezirk Philippeville,TOTAL,35,18.0,450.0,3248.32,20000.0,349.0,789.0,1440.0
95007,93000,Arrondissement de Philippeville,Arrondissement Philippeville,Bezirk Philippeville,TOTAL,70,61.0,15000.0,35000.0,50000.0,496.0,1208.0,2591.0
95015,93000,Arrondissement de Philippeville,Arrondissement Philippeville,Bezirk Philippeville,TOTAL,78,7.0,27000.0,37500.0,40200.0,882.0,965.0,1628.0
95025,93000,Arrondissement de Philippeville,Arrondissement Philippeville,Bezirk Philippeville,TOTAL,200,349.0,85000.0,138500.0,185000.0,231.0,552.0,973.0
95029,93000,Arrondissement de Philippeville,Arrondissement Philippeville,Bezirk Philippeville,TOTAL,204,19.0,5000.0,5000.0,5000.0,24.0,37.0,90.0
95036,93000,Arrondissement de Philippeville,Arrondissement Philippeville,Bezirk Philippeville,TOTAL,240,6.0,75000.0,75000.0,75000.0,1226.0,1617.5,1964.0
95043,93000,Arrondissement de Philippeville,Arrondissement Philippeville,Bezirk Philippeville,TOTAL,247,17.0,8100.0,31750.0,65000.0,40.0,136.0,260.0
95092,93000,Arrondissement de Philippeville,Arrondissement Philippeville,Bezirk Philippeville,TOTAL,371,5.0,10000.0,32500.0,55000.0,280.0,2207.0,3077.0
95159,93000,Arrondissement de Philippeville,Arrondissement Philippeville,Bezirk Philippeville,TOTAL,503,38.0,5500.0,38000.0,85000.0,508.0,996.0,1796.0
95186,93000,Arrondissement de Philippeville,Arrondissement Philippeville,Bezirk Philippeville,TOTAL,539,6.0,75000.0,94591.5,114183.0,62.0,720.0,2026.0
95202,11000,Arrondissement d'Anvers,Arrondissement Antwerpen,Bezirk Antwerpen,CESSION,I,28.0,120000.0,210000.0,300000.0,990.0,3136.0,5224.5
95206,11000,Arrondissement d'Anvers,Arrondissement Antwerpen,Bezirk Antwerpen,CESSION,V,74.0,48000.0,120000.0,180000.0,91.0,277.0,485.0
95207,11000,Arrondissement d'Anvers,Arrondissement Antwerpen,Bezirk Antwerpen,CESSION,VI,394.0,150000.0,230000.0,300000.0,163.0,258.0,653.0
95212,11000,Arrondissement d'Anvers,Arrondissement Antwerpen,Bezirk Antwerpen,CESSION,XI,17.0,90000.0,226944.44,250000.0,101.5,188.5,334.0
95218,11000,Arrondissement d'Anvers,Arrondissement Antwerpen,Bezirk Antwerpen,CESSION,XVII,9.0,4000.0,160000.0,300000.0,187.0,472.0,756.0
95238,11000,Arrondissement d'Anvers,Arrondissement Antwerpen,Bezirk Antwerpen,DONATIMMEUB,I,36.0,60000.0,70000.0,210000.0,1488.0,3735.5,8101.0
95242,11000,Arrondissement d'Anvers,Arrondissement Antwerpen,Bezirk Antwerpen,DONATIMMEUB,V,37.0,122500.0,192500.0,230000.0,550.0,923.0,1389.0
95243,11000,Arrondissement d'Anvers,Arrondissement Antwerpen,Bezirk Antwerpen,DONATIMMEUB,VI,396.0,160000.0,222500.0,335000.0,189.0,321.5,800.0
95248,11000,Arrondissement d'Anvers,Arrondissement Antwerpen,Bezirk Antwerpen,DONATIMMEUB,XI,10.0,100000.0,205000.0,325000.0,90.0,133.0,1000.0
95254,11000,Arrondissement d'Anvers,Arrondissement Antwerpen,Bezirk Antwerpen,DONATIMMEUB,XVII,15.0,34918.67,100000.0,375000.0,187.0,512.5,2144.0
95256,11000,Arrondissement d'Anvers,Arrondissement Antwerpen,Bezirk Antwerpen,OTHER,I,66.0,15000.0,23845.0,52500.0,1893.0,4007.5,6985.0
95260,11000,Arrondissement d'Anvers,Arrondissement Antwerpen,Bezirk Antwerpen,OTHER,V,196.0,28800.0,60000.0,200000.0,240.0,580.0,1091.0
95261,11000,Arrondissement d'Anvers,Arrondissement Antwerpen,Bezirk Antwerpen,OTHER,VI,668.0,158000.0,239500.0,320000.0,165.0,300.0,682.0
95262,11000,Arrondissement d'Anvers,Arrondissement Antwerpen,Bezirk Antwerpen,OTHER,VII,10.0,10000.0,120000.0,230000.0,416.0,1753.0,3450.0
95263,11000,Arrondissement d'Anvers,Arrondissement Antwerpen,Bezirk Antwerpen,OTHER,VIII,7.0,1440000.0,1440000.0,1440000.0,640.0,5409.5,10373.0
95266,11000,Arrondissement d'Anvers,Arrondissement Antwerpen,Bezirk Antwerpen,OTHER,XI,43.0,35000.0,210800.0,773778.6,140.0,175.0,563.0
95272,11000,Arrondissement d'Anvers,Arrondissement Antwerpen,Bezirk Antwerpen,OTHER,XVII,46.0,442050.0,3663039.7,3663039.7,20.0,524.0,1460.0
95273,11000,Arrondissement d'Anvers,Arrondissement Antwerpen,Bezirk Antwerpen,OTHER,XVIII,55.0,38000.0,64925.1,91850.2,226.0,491.0,1014.0
95278,11000,Arrondissement d'Anvers,Arrondissement Antwerpen,Bezirk Antwerpen,PARTAGE,V,9.0,220000.0,860000.0,1500000.0,639.0,856.0,974.0
95279,11000,Arrondissement d'Anvers,Arrondissement Antwerpen,Bezirk Antwerpen,PARTAGE,VI,69.0,165000.0,265000.0,340000.0,199.0,592.0,1210.0
95292,11000,Arrondissement d'Anvers,Arrondissement Antwerpen,Bezirk Antwerpen,SUCCNALAT,I,227.0,15286.0,38762.5,91977.5,1496.0,4333.0,9170.0
95295,11000,Arrondissement d'Anvers,Arrondissement Antwerpen,Bezirk Antwerpen,SUCCNALAT,IV,19.0,600.0,600.0,600.0,355.0,633.0,2245.0
95296,11000,Arrondissement d'Anvers,Arrondissement Antwerpen,Bezirk Antwerpen,SUCCNALAT,V,71.0,11000.0,120000.0,153500.0,154.0,395.0,905.0
95297,11000,Arrondissement d'Anvers,Arrondissement Antwerpen,Bezirk Antwerpen,SUCCNALAT,VI,1677.0,125000.0,185000.0,265000.0,155.0,280.0,631.0
95298,11000,Arrondissement d'Anvers,Arrondissement Antwerpen,Bezirk Antwerpen,SUCCNALAT,VII,21.0,180000.0,200000.0,200000.0,525.0,1490.0,3601.0
95302,11000,Arrondissement d'Anvers,Arrondissement Antwerpen,Bezirk Antwerpen,SUCCNALAT,XI,30.0,175000.0,230000.0,300000.0,75.0,156.5,365.0
95306,11000,Arrondissement d'Anvers,Arrondissement Antwerpen,Bezirk Antwerpen,SUCCNALAT,XV,18.0,8000.0,25000.0,140000.0,270.0,767.5,1364.5
95308,11000,Arrondissement d'Anvers,Arrondissement Antwerpen,Bezirk Antwerpen,SUCCNALAT,XVII,7.0,75000.0,225000.0,375000.0,220.0,224.0,1752.0
95310,11000,Arrondissement d'Anvers,Arrondissement Antwerpen,Bezirk Antwerpen,VENTEIMMEUB,I,209.0,25000.0,80000.0,180000.0,1206.0,3740.0,9490.0
95311,11000,Arrondissement d'Anvers,Arrondissement Antwerpen,Bezirk Antwerpen,VENTEIMMEUB,II,5.0,165000.0,165000.0,165000.0,452.0,2370.0,2460.0
95314,11000,Arrondissement d'Anvers,Arrondissement Antwerpen,Bezirk Antwerpen,VENTEIMMEUB,V,398.0,125000.0,185000.0,273000.0,186.0,430.0,920.0
95315,11000,Arrondissement d'Anvers,Arrondissement Antwerpen,Bezirk Antwerpen,VENTEIMMEUB,VI,5435.0,145000.0,212000.0,295000.0,130.0,222.0,481.0
95316,11000,Arrondissement d'Anvers,Arrondissement Antwerpen,Bezirk Antwerpen,VENTEIMMEUB,VII,16.0,249000.0,300000.0,480000.0,889.5,1727.0,5168.5
95317,11000,Arrondissement d'Anvers,Arrondissement Antwerpen,Bezirk Antwerpen,VENTEIMMEUB,VIII,12.0,145000.0,270000.0,707500.0,146.0,635.5,1264.5
95319,11000,Arrondissement d'Anvers,Arrondissement Antwerpen,Bezirk Antwerpen,VENTEIMMEUB,X,8.0,125000.0,285000.0,375000.0,225.0,868.0,6639.0
95320,11000,Arrondissement d'Anvers,Arrondissement Antwerpen,Bezirk Antwerpen,VENTEIMMEUB,XI,170.0,190000.0,287500.0,495000.0,94.0,155.0,315.0
95324,11000,Arrondissement d'Anvers,Arrondissement Antwerpen,Bezirk Antwerpen,VENTEIMMEUB,XV,22.0,10000.0,80000.0,205000.0,260.0,1040.0,2104.0
95326,11000,Arrondissement d'Anvers,Arrondissement Antwerpen,Bezirk Antwerpen,VENTEIMMEUB,XVII,88.0,164667.56,229500.0,502500.0,270.0,554.0,1541.0
95327,11000,Arrondissement d'Anvers,Arrondissement Antwerpen,Bezirk Antwerpen,VENTEIMMEUB,XVIII,14.0,450000.0,486250.0,522500.0,68.0,71.5,240.0
95333,11000,Arrondissement d'Anvers,Arrondissement Antwerpen,Bezirk Antwerpen,VENTEPUBIMMEUB,VI,77.0,103000.0,130000.0,202200.0,105.0,239.0,660.0
95338,11000,Arrondissement d'Anvers,Arrondissement Antwerpen,Bezirk Antwerpen,VENTEPUBIMMEUB,XI,8.0,230000.0,382059.36,661000.0,72.0,127.5,244.0
95346,11000,Arrondissement d'Anvers,Arrondissement Antwerpen,Bezirk Antwerpen,TOTAL,I,610.0,17140.0,45000.0,110000.0,1519.0,4086.0,9208.0
95347,11000,Arrondissement d'Anvers,Arrondissement Antwerpen,Bezirk Antwerpen,TOTAL,II,19.0,48382.0,106691.0,165000.0,1255.0,2854.0,5941.0
95349,11000,Arrondissement d'Anvers,Arrondissement Antwerpen,Bezirk Antwerpen,TOTAL,IV,69.0,600.0,600.0,600.0,330.0,575.0,1320.0
95350,11000,Arrondissement d'Anvers,Arrondissement Antwerpen,Bezirk Antwerpen,TOTAL,V,822.0,109500.0,174022.5,251859.0,198.0,464.0,1002.0
95351,11000,Arrondissement d'Anvers,Arrondissement Antwerpen,Bezirk Antwerpen,TOTAL,VI,8984.0,141000.0,210000.0,290000.0,147.0,255.0,588.0
95352,11000,Arrondissement d'Anvers,Arrondissement Antwerpen,Bezirk Antwerpen,TOTAL,VII,65.0,190000.0,224100.0,390000.0,525.0,1830.0,3570.0
95353,11000,Arrondissement d'Anvers,Arrondissement Antwerpen,Bezirk Antwerpen,TOTAL,VIII,23.0,145000.0,340000.0,750000.0,330.0,640.0,1552.0
95355,11000,Arrondissement d'Anvers,Arrondissement Antwerpen,Bezirk Antwerpen,TOTAL,X,11.0,125000.0,350000.0,1200000.0,578.0,2876.0,5241.0
95356,11000,Arrondissement d'Anvers,Arrondissement Antwerpen,Bezirk Antwerpen,TOTAL,XI,283.0,175196.0,267500.0,477500.0,96.0,160.0,365.0
95357,11000,Arrondissement d'Anvers,Arrondissement Antwerpen,Bezirk Antwerpen,TOTAL,XII,6.0,280000.0,280000.0,280000.0,201.0,1213.0,4965.0
95358,11000,Arrondissement d'Anvers,Arrondissement Antwerpen,Bezirk Antwerpen,TOTAL,XIII,18.0,2740.0,260000.0,900000.0,1370.0,2838.0,3181.0
95360,11000,Arrondissement d'Anvers,Arrondissement Antwerpen,Bezirk Antwerpen,TOTAL,XV,47.0,9000.0,105500.0,201000.0,282.0,929.5,1365.0
95362,11000,Arrondissement d'Anvers,Arrondissement Antwerpen,Bezirk Antwerpen,TOTAL,XVII,174.0,157500.0,229500.0,465000.0,187.0,520.0,1780.0
95363,11000,Arrondissement d'Anvers,Arrondissement Antwerpen,Bezirk Antwerpen,TOTAL,XVIII,74.0,91850.2,195000.0,450000.0,156.0,431.0,984.0
95364,12000,Arrondissement de Malines,Arrondissement Mechelen,Bezirk Mechelen,CESSION,I,39.0,47500.0,47500.0,47500.0,3110.0,5372.0,7840.0
95368,12000,Arrondissement de Malines,Arrondissement Mechelen,Bezirk Mechelen,CESSION,V,33.0,106666.0,112395.5,118125.0,91.0,331.0,689.0
95369,12000,Arrondissement de Malines,Arrondissement Mechelen,Bezirk Mechelen,CESSION,VI,116.0,45000.0,95000.0,145010.0,223.5,416.0,776.0
95380,12000,Arrondissement de Malines,Arrondissement Mechelen,Bezirk Mechelen,CESSION,XVII,8.0,10000.0,230000.0,450000.0,382.0,612.5,3653.0
95400,12000,Arrondissement de Malines,Arrondissement Mechelen,Bezirk Mechelen,DONATIMMEUB,I,100.0,15800.0,65000.0,90000.0,2885.0,5410.0,7860.0
95404,12000,Arrondissement de Malines,Arrondissement Mechelen,Bezirk Mechelen,DONATIMMEUB,V,35.0,135000.0,155000.0,180000.0,363.0,907.0,1217.0
95405,12000,Arrondissement de Malines,Arrondissement Mechelen,Bezirk Mechelen,DONATIMMEUB,VI,151.0,157500.0,220000.0,300000.0,240.0,487.0,778.0
95406,12000,Arrondissement de Malines,Arrondissement Mechelen,Bezirk Mechelen,DONATIMMEUB,VII,10.0,117000.0,175166.67,233333.34,168.0,2724.0,5053.0
95410,12000,Arrondissement de Malines,Arrondissement Mechelen,Bezirk Mechelen,DONATIMMEUB,XI,5.0,300000.0,375000.0,450000.0,130.0,178.0,257.0
95416,12000,Arrondissement de Malines,Arrondissement Mechelen,Bezirk Mechelen,DONATIMMEUB,XVII,9.0,143750.0,226250.0,255000.0,457.0,812.0,1468.0
95418,12000,Arrondissement de Malines,Arrondissement Mechelen,Bezirk Mechelen,OTHER,I,123.0,14988.0,21008.5,23071.0,1542.0,4165.0,6955.0
95422,12000,Arrondissement de Malines,Arrondissement Mechelen,Bezirk Mechelen,OTHER,V,130.0,45000.0,139512.78,197000.0,155.0,881.5,2006.0
95423,12000,Arrondissement de Malines,Arrondissement Mechelen,Bezirk Mechelen,OTHER,VI,280.0,120000.0,200000.0,290000.0,221.0,479.0,889.0
95428,12000,Arrondissement de Malines,Arrondissement Mechelen,Bezirk Mechelen,OTHER,XI,18.0,16000.0,108000.0,200000.0,108.0,620.0,1137.0
95430,12000,Arrondissement de Malines,Arrondissement Mechelen,Bezirk Mechelen,OTHER,XIII,8.0,1500.0,112350.0,223200.0,224.0,857.5,3180.5
95434,12000,Arrondissement de Malines,Arrondissement Mechelen,Bezirk Mechelen,OTHER,XVII,24.0,594000.0,594000.0,594000.0,101.0,650.0,9729.0
95441,12000,Arrondissement de Malines,Arrondissement Mechelen,Bezirk Mechelen,PARTAGE,VI,18.0,54951.2,66368.99,81701.99,195.0,481.0,1104.0
95454,12000,Arrondissement de Malines,Arrondissement Mechelen,Bezirk Mechelen,SUCCNALAT,I,294.0,8705.0,17222.5,60182.0,1755.0,3454.5,5751.0
95457,12000,Arrondissement de Malines,Arrondissement Mechelen,Bezirk Mechelen,SUCCNALAT,IV,7.0,3200.0,3200.0,3200.0,471.0,640.0,1055.0
95458,12000,Arrondissement de Malines,Arrondissement Mechelen,Bezirk Mechelen,SUCCNALAT,V,35.0,82500.0,177500.0,3474236.5,258.0,634.0,1393.0
95459,12000,Arrondissement de Malines,Arrondissement Mechelen,Bezirk Mechelen,SUCCNALAT,VI,585.0,155000.0,200000.0,267500.0,162.0,365.5,740.5
95460,12000,Arrondissement de Malines,Arrondissement Mechelen,Bezirk Mechelen,SUCCNALAT,VII,11.0,235000.0,250000.0,263525.0,340.0,685.0,4267.0
95464,12000,Arrondissement de Malines,Arrondissement Mechelen,Bezirk Mechelen,SUCCNALAT,XI,12.0,216000.0,267500.0,410000.0,165.0,360.5,723.0
95468,12000,Arrondissement de Malines,Arrondissement Mechelen,Bezirk Mechelen,SUCCNALAT,XV,5.0,1000.0,12500.0,100000.0,48.5,113.0,4681.0
95470,12000,Arrondissement de Malines,Arrondissement Mechelen,Bezirk Mechelen,SUCCNALAT,XVII,6.0,100000.0,100000.0,100000.0,340.0,814.0,1540.0
95472,12000,Arrondissement de Malines,Arrondissement Mechelen,Bezirk Mechelen,VENTEIMMEUB,I,208.0,14000.0,28000.0,93360.0,1515.5,3047.0,6039.5
95475,12000,Arrondissement de Malines,Arrondissement Mechelen,Bezirk Mechelen,VENTEIMMEUB,IV,12.0,8000.0,8000.0,8000.0,271.5,522.0,1131.5
95476,12000,Arrondissement de Malines,Arrondissement Mechelen,Bezirk Mechelen,VENTEIMMEUB,V,278.0,24015.0,153000.0,230000.0,182.0,475.0,830.0
95477,12000,Arrondissement de Malines,Arrondissement Mechelen,Bezirk Mechelen,VENTEIMMEUB,VI,1265.0,169500.0,235000.0,310000.0,130.0,274.0,618.0
95478,12000,Arrondissement de Malines,Arrondissement Mechelen,Bezirk Mechelen,VENTEIMMEUB,VII,8.0,58000.0,58000.0,58000.0,166.5,427.0,1933.0
95482,12000,Arrondissement de Malines,Arrondissement Mechelen,Bezirk Mechelen,VENTEIMMEUB,XI,53.0,180000.0,229653.2,325000.0,111.0,225.0,416.0
95486,12000,Arrondissement de Malines,Arrondissement Mechelen,Bezirk Mechelen,VENTEIMMEUB,XV,14.0,22250.0,66500.0,145000.0,818.0,990.5,1777.0
95488,12000,Arrondissement de Malines,Arrondissement Mechelen,Bezirk Mechelen,VENTEIMMEUB,XVII,28.0,85000.0,330000.0,650000.0,409.0,496.0,2875.0
95494,12000,Arrondissement de Malines,Arrondissement Mechelen,Bezirk Mechelen,VENTEPUBIMMEUB,V,10.0,154000.0,154000.0,154000.0,369.0,423.5,720.0
95495,12000,Arrondissement de Malines,Arrondissement Mechelen,Bezirk Mechelen,VENTEPUBIMMEUB,VI,38.0,127500.0,174500.0,206500.0,166.0,253.0,500.0
95508,12000,Arrondissement de Malines,Arrondissement Mechelen,Bezirk Mechelen,TOTAL,I,802.0,10000.0,20123.5,65362.5,1666.0,3616.5,6560.0
95511,12000,Arrondissement de Malines,Arrondissement Mechelen,Bezirk Mechelen,TOTAL,IV,35.0,3200.0,5600.0,8000.0,388.0,985.0,1648.0
95512,12000,Arrondissement de Malines,Arrondissement Mechelen,Bezirk Mechelen,TOTAL,V,543.0,45000.0,153000.0,230000.0,189.0,570.0,1065.0
95513,12000,Arrondissement de Malines,Arrondissement Mechelen,Bezirk Mechelen,TOTAL,VI,2547.0,155000.0,220000.0,290000.0,158.0,350.5,751.5
95514,12000,Arrondissement de Malines,Arrondissement Mechelen,Bezirk Mechelen,TOTAL,VII,44.0,87500.0,234166.67,256762.5,150.5,487.5,2281.0
95515,12000,Arrondissement de Malines,Arrondissement Mechelen,Bezirk Mechelen,TOTAL,VIII,10.0,86000.0,143240.0,235000.0,500.0,901.5,1156.0
95518,12000,Arrondissement de Malines,Arrondissement Mechelen,Bezirk Mechelen,TOTAL,XI,96.0,180000.0,230000.0,330000.0,121.0,248.5,654.5
95520,12000,Arrondissement de Malines,Arrondissement Mechelen,Bezirk Mechelen,TOTAL,XIII,12.0,1500.0,223200.0,3200000.0,454.0,2201.0,3907.5
95522,12000,Arrondissement de Malines,Arrondissement Mechelen,Bezirk Mechelen,TOTAL,XV,22.0,16000.0,50500.0,110000.0,467.5,876.5,1847.5
95524,12000,Arrondissement de Malines,Arrondissement Mechelen,Bezirk Mechelen,TOTAL,XVII,77.0,85000.0,240000.0,450000.0,315.0,728.0,2140.0
95525,12000,Arrondissement de Malines,Arrondissement Mechelen,Bezirk Mechelen,TOTAL,XVIII,29.0,30000.0,30000.0,30000.0,210.0,1079.5,7568.0
95526,13000,Arrondissement de Turnhout,Arrondissement Turnhout,Bezirk Turnhout,CESSION,I,88.0,10212.5,12000.0,13000.0,2425.0,4317.5,8475.0
95530,13000,Arrondissement de Turnhout,Arrondissement Turnhout,Bezirk Turnhout,CESSION,V,132.0,25714.28,100000.0,148240.0,47.0,81.0,427.5
95531,13000,Arrondissement de Turnhout,Arrondissement Turnhout,Bezirk Turnhout,CESSION,VI,132.0,57000.0,145833.33,235000.0,290.5,671.5,1032.0
95562,13000,Arrondissement de Turnhout,Arrondissement Turnhout,Bezirk Turnhout,DONATIMMEUB,I,192.0,15429.6,67500.0,135000.0,2019.5,4100.0,8178.5
95566,13000,Arrondissement de Turnhout,Arrondissement Turnhout,Bezirk Turnhout,DONATIMMEUB,V,95.0,30000.0,130000.0,150000.0,571.0,810.0,1770.0
95567,13000,Arrondissement de Turnhout,Arrondissement Turnhout,Bezirk Turnhout,DONATIMMEUB,VI,231.0,170000.0,200000.0,275000.0,398.0,706.0,1275.0
95568,13000,Arrondissement de Turnhout,Arrondissement Turnhout,Bezirk Turnhout,DONATIMMEUB,VII,17.0,10000.0,220000.0,252320.0,1129.0,2291.5,5290.0
95572,13000,Arrondissement de Turnhout,Arrondissement Turnhout,Bezirk Turnhout,DONATIMMEUB,XI,9.0,105930.0,105930.0,105930.0,167.5,369.5,827.5
95580,13000,Arrondissement de Turnhout,Arrondissement Turnhout,Bezirk Turnhout,OTHER,I,130.0,4533.0,8586.5,12640.0,324.0,1852.0,6650.0
95584,13000,Arrondissement de Turnhout,Arrondissement Turnhout,Bezirk Turnhout,OTHER,V,164.0,16000.0,65000.0,176575.0,336.5,641.0,1045.5
95585,13000,Arrondissement de Turnhout,Arrondissement Turnhout,Bezirk Turnhout,OTHER,VI,304.0,150000.0,212891.165,285170.33,487.0,800.0,1246.0
95586,13000,Arrondissement de Turnhout,Arrondissement Turnhout,Bezirk Turnhout,OTHER,VII,15.0,5000.0,5000.0,5000.0,387.0,1744.0,4265.0
95594,13000,Arrondissement de Turnhout,Arrondissement Turnhout,Bezirk Turnhout,OTHER,XV,11.0,107500.0,107500.0,107500.0,1107.0,2027.5,4502.0
95596,13000,Arrondissement de Turnhout,Arrondissement Turnhout,Bezirk Turnhout,OTHER,XVII,27.0,8750.0,23216.06,37682.12,15.0,221.0,1461.0
95598,13000,Arrondissement de Turnhout,Arrondissement Turnhout,Bezirk Turnhout,PARTAGE,I,53.0,6000.0,6000.0,6000.0,1968.0,3901.0,6270.0
95602,13000,Arrondissement de Turnhout,Arrondissement Turnhout,Bezirk Turnhout,PARTAGE,V,27.0,2000.0,3225.0,4450.0,477.0,810.0,3005.0
95603,13000,Arrondissement de Turnhout,Arrondissement Turnhout,Bezirk Turnhout,PARTAGE,VI,89.0,75000.0,183000.0,280000.0,403.0,776.5,997.5
95616,13000,Arrondissement de Turnhout,Arrondissement Turnhout,Bezirk Turnhout,SUCCNALAT,I,832.0,5193.0,14452.5,47431.25,1667.0,3515.5,6334.5
95619,13000,Arrondissement de Turnhout,Arrondissement Turnhout,Bezirk Turnhout,SUCCNALAT,IV,37.0,500.0,2505.0,8265.0,350.0,795.0,1380.0
95620,13000,Arrondissement de Turnhout,Arrondissement Turnhout,Bezirk Turnhout,SUCCNALAT,V,139.0,7650.0,85000.0,160000.0,650.0,1021.0,2309.0
95621,13000,Arrondissement de Turnhout,Arrondissement Turnhout,Bezirk Turnhout,SUCCNALAT,VI,876.0,165000.0,200000.0,250000.0,378.0,681.0,1108.0
95622,13000,Arrondissement de Turnhout,Arrondissement Turnhout,Bezirk Turnhout,SUCCNALAT,VII,37.0,190000.0,255000.0,300000.0,701.0,1500.0,2300.0
95626,13000,Arrondissement de Turnhout,Arrondissement Turnhout,Bezirk Turnhout,SUCCNALAT,XI,18.0,185000.0,270000.0,300000.0,289.0,407.5,948.5
95630,13000,Arrondissement de Turnhout,Arrondissement Turnhout,Bezirk Turnhout,SUCCNALAT,XV,31.0,15000.0,31000.0,68750.0,357.0,1200.0,2289.0
95632,13000,Arrondissement de Turnhout,Arrondissement Turnhout,Bezirk Turnhout,SUCCNALAT,XVII,7.0,20000.0,40000.0,250000.0,425.0,1655.0,7000.0
95634,13000,Arrondissement de Turnhout,Arrondissement Turnhout,Bezirk Turnhout,VENTEIMMEUB,I,464.0,12500.0,50000.0,125000.0,1106.0,2963.0,6416.0
95636,13000,Arrondissement de Turnhout,Arrondissement Turnhout,Bezirk Turnhout,VENTEIMMEUB,III,7.0,375000.0,375000.0,375000.0,1306.0,5000.0,15373.0
95637,13000,Arrondissement de Turnhout,Arrondissement Turnhout,Bezirk Turnhout,VENTEIMMEUB,IV,13.0,1500.0,448250.0,895000.0,785.0,2376.0,5070.0
95638,13000,Arrondissement de Turnhout,Arrondissement Turnhout,Bezirk Turnhout,VENTEIMMEUB,V,497.0,55000.0,125000.0,188000.0,208.0,468.0,961.0
95639,13000,Arrondissement de Turnhout,Arrondissement Turnhout,Bezirk Turnhout,VENTEIMMEUB,VI,1757.0,175000.0,239900.0,302500.0,278.0,599.5,969.0
95640,13000,Arrondissement de Turnhout,Arrondissement Turnhout,Bezirk Turnhout,VENTEIMMEUB,VII,15.0,225000.0,270000.0,310000.0,894.0,1794.0,2183.0
95641,13000,Arrondissement de Turnhout,Arrondissement Turnhout,Bezirk Turnhout,VENTEIMMEUB,VIII,8.0,248000.0,725000.0,5500000.0,222.0,2099.5,3354.5
95644,13000,Arrondissement de Turnhout,Arrondissement Turnhout,Bezirk Turnhout,VENTEIMMEUB,XI,56.0,221250.0,277500.0,335000.0,255.5,467.5,984.5
95648,13000,Arrondissement de Turnhout,Arrondissement Turnhout,Bezirk Turnhout,VENTEIMMEUB,XV,50.0,8000.0,40750.0,150000.0,383.0,1082.0,1605.0
95650,13000,Arrondissement de Turnhout,Arrondissement Turnhout,Bezirk Turnhout,VENTEIMMEUB,XVII,61.0,143000.0,245000.0,365000.0,104.0,544.0,1978.0
95652,13000,Arrondissement de Turnhout,Arrondissement Turnhout,Bezirk Turnhout,VENTEPUBIMMEUB,I,15.0,21000.0,21000.0,21000.0,1692.0,3033.0,5007.0
95657,13000,Arrondissement de Turnhout,Arrondissement Turnhout,Bezirk Turnhout,VENTEPUBIMMEUB,VI,37.0,140000.0,193000.0,245000.0,232.5,684.0,1158.0
95670,13000,Arrondissement de Turnhout,Arrondissement Turnhout,Bezirk Turnhout,TOTAL,I,1927.0,6318.0,17631.0,74800.0,1506.0,3445.0,6579.0
95672,13000,Arrondissement de Turnhout,Arrondissement Turnhout,Bezirk Turnhout,TOTAL,III,15.0,375000.0,375000.0,375000.0,1130.0,3071.0,5000.0
95673,13000,Arrondissement de Turnhout,Arrondissement Turnhout,Bezirk Turnhout,TOTAL,IV,64.0,613.0,2505.0,11644.5,348.5,821.0,1784.5
95674,13000,Arrondissement de Turnhout,Arrondissement Turnhout,Bezirk Turnhout,TOTAL,V,1100.0,19623.88,120000.0,173750.0,241.5,598.5,1153.5
95675,13000,Arrondissement de Turnhout,Arrondissement Turnhout,Bezirk Turnhout,TOTAL,VI,3590.0,165000.0,219500.0,280000.0,339.0,668.0,1095.0
95676,13000,Arrondissement de Turnhout,Arrondissement Turnhout,Bezirk Turnhout,TOTAL,VII,95.0,195000.0,250000.0,300000.0,596.0,1485.0,2655.0
95677,13000,Arrondissement de Turnhout,Arrondissement Turnhout,Bezirk Turnhout,TOTAL,VIII,19.0,145000.0,349000.0,725000.0,245.0,540.0,2592.0
95680,13000,Arrondissement de Turnhout,Arrondissement Turnhout,Bezirk Turnhout,TOTAL,XI,118.0,217500.0,270000.0,327500.0,233.0,467.0,974.0
95682,13000,Arrondissement de Turnhout,Arrondissement Turnhout,Bezirk Turnhout,TOTAL,XIII,16.0,330000.0,365000.0,400000.0,866.5,1905.0,6164.5
95683,13000,Arrondissement de Turnhout,Arrondissement Turnhout,Bezirk Turnhout,TOTAL,XIV,6.0,180000.0,180000.0,180000.0,35.0,202.0,1020.0
95684,13000,Arrondissement de Turnhout,Arrondissement Turnhout,Bezirk Turnhout,TOTAL,XV,104.0,10000.0,43750.0,107500.0,416.0,1200.0,1975.0
95686,13000,Arrondissement de Turnhout,Arrondissement Turnhout,Bezirk Turnhout,TOTAL,XVII,109.0,72000.0,245000.0,265000.0,61.0,450.0,2169.0
95687,13000,Arrondissement de Turnhout,Arrondissement Turnhout,Bezirk Turnhout,TOTAL,XVIII,12.0,31920.0,201960.0,372000.0,592.0,769.0,1702.0
95693,21000,Arrondissement de Bruxelles-Capitale,Arrondissement Brussel Hoofdstad,Bezirk Brüssel-Hauptstadt,CESSION,VI,688.0,139620.0,260000.0,390000.0,105.0,157.5,221.0
95698,21000,Arrondissement de Bruxelles-Capitale,Arrondissement Brussel Hoofdstad,Bezirk Brüssel-Hauptstadt,CESSION,XI,27.0,100000.0,400000.0,525000.0,105.0,116.0,160.0
95704,21000,Arrondissement de Bruxelles-Capitale,Arrondissement Brussel Hoofdstad,Bezirk Brüssel-Hauptstadt,CESSION,XVII,6.0,13000.0,600000.0,1200000.0,320.0,933.0,1059.0
95729,21000,Arrondissement de Bruxelles-Capitale,Arrondissement Brussel Hoofdstad,Bezirk Brüssel-Hauptstadt,DONATIMMEUB,VI,691.0,150000.0,230000.0,400000.0,130.0,210.0,315.0
95734,21000,Arrondissement de Bruxelles-Capitale,Arrondissement Brussel Hoofdstad,Bezirk Brüssel-Hauptstadt,DONATIMMEUB,XI,20.0,275000.0,345000.005,497500.0,90.0,130.0,168.0
95746,21000,Arrondissement de Bruxelles-Capitale,Arrondissement Brussel Hoofdstad,Bezirk Brüssel-Hauptstadt,OTHER,V,55.0,5000.0,5000.0,5000.0,235.0,695.0,1541.0
95747,21000,Arrondissement de Bruxelles-Capitale,Arrondissement Brussel Hoofdstad,Bezirk Brüssel-Hauptstadt,OTHER,VI,985.0,60000.0,233000.0,375000.0,120.0,172.0,297.0
95752,21000,Arrondissement de Bruxelles-Capitale,Arrondissement Brussel Hoofdstad,Bezirk Brüssel-Hauptstadt,OTHER,XI,105.0,225000.0,735000.0,1627099.49,85.5,136.0,292.5
95758,21000,Arrondissement de Bruxelles-Capitale,Arrondissement Brussel Hoofdstad,Bezirk Brüssel-Hauptstadt,OTHER,XVII,23.0,950650.0,1155352.57,1235650.0,255.0,698.0,1388.0
95759,21000,Arrondissement de Bruxelles-Capitale,Arrondissement Brussel Hoofdstad,Bezirk Brüssel-Hauptstadt,OTHER,XVIII,69.0,99.0,549.5,63000.0,232.0,490.5,922.0
95765,21000,Arrondissement de Bruxelles-Capitale,Arrondissement Brussel Hoofdstad,Bezirk Brüssel-Hauptstadt,PARTAGE,VI,160.0,135000.0,230000.0,380000.0,95.5,155.0,226.5
95770,21000,Arrondissement de Bruxelles-Capitale,Arrondissement Brussel Hoofdstad,Bezirk Brüssel-Hauptstadt,PARTAGE,XI,5.0,600000.0,600000.0,600000.0,126.0,203.0,280.0
95778,21000,Arrondissement de Bruxelles-Capitale,Arrondissement Brussel Hoofdstad,Bezirk Brüssel-Hauptstadt,SUCCNALAT,I,9.0,2500.0,3250.0,4200.0,291.0,466.0,2843.0
95782,21000,Arrondissement de Bruxelles-Capitale,Arrondissement Brussel Hoofdstad,Bezirk Brüssel-Hauptstadt,SUCCNALAT,V,6.0,10000.0,49625.0,89250.0,86.0,212.5,290.0
95783,21000,Arrondissement de Bruxelles-Capitale,Arrondissement Brussel Hoofdstad,Bezirk Brüssel-Hauptstadt,SUCCNALAT,VI,1388.0,140000.0,225000.0,340000.0,114.0,170.0,250.0
95785,21000,Arrondissement de Bruxelles-Capitale,Arrondissement Brussel Hoofdstad,Bezirk Brüssel-Hauptstadt,SUCCNALAT,VIII,7.0,40000.0,200000.0,215000.0,119.0,180.0,235.0
95788,21000,Arrondissement de Bruxelles-Capitale,Arrondissement Brussel Hoofdstad,Bezirk Brüssel-Hauptstadt,SUCCNALAT,XI,56.0,270000.0,420000.0,600000.0,85.0,120.5,178.0
95796,21000,Arrondissement de Bruxelles-Capitale,Arrondissement Brussel Hoofdstad,Bezirk Brüssel-Hauptstadt,VENTEIMMEUB,I,6.0,20000.0,120000.0,330000.0,2077.0,2895.0,5031.0
95800,21000,Arrondissement de Bruxelles-Capitale,Arrondissement Brussel Hoofdstad,Bezirk Brüssel-Hauptstadt,VENTEIMMEUB,V,82.0,110000.0,256500.0,335000.0,123.0,204.0,342.0
95801,21000,Arrondissement de Bruxelles-Capitale,Arrondissement Brussel Hoofdstad,Bezirk Brüssel-Hauptstadt,VENTEIMMEUB,VI,6907.0,135000.0,205000.0,326250.0,100.0,157.0,239.0
95803,21000,Arrondissement de Bruxelles-Capitale,Arrondissement Brussel Hoofdstad,Bezirk Brüssel-Hauptstadt,VENTEIMMEUB,VIII,15.0,445000.0,631000.0,987500.0,245.0,440.0,1533.0
95806,21000,Arrondissement de Bruxelles-Capitale,Arrondissement Brussel Hoofdstad,Bezirk Brüssel-Hauptstadt,VENTEIMMEUB,XI,189.0,227500.0,357500.0,590000.0,100.0,150.0,295.0
95812,21000,Arrondissement de Bruxelles-Capitale,Arrondissement Brussel Hoofdstad,Bezirk Brüssel-Hauptstadt,VENTEIMMEUB,XVII,59.0,153000.0,425000.0,1200000.0,171.0,369.5,964.0
95819,21000,Arrondissement de Bruxelles-Capitale,Arrondissement Brussel Hoofdstad,Bezirk Brüssel-Hauptstadt,VENTEPUBIMMEUB,VI,97.0,115168.5,200066.5,287000.0,87.0,108.0,157.0
95824,21000,Arrondissement de Bruxelles-Capitale,Arrondissement Brussel Hoofdstad,Bezirk Brüssel-Hauptstadt,VENTEPUBIMMEUB,XI,9.0,201379.705,284888.25,383371.855,57.5,116.5,152.0
95832,21000,Arrondissement de Bruxelles-Capitale,Arrondissement Brussel Hoofdstad,Bezirk Brüssel-Hauptstadt,TOTAL,I,59.0,2500.0,4400.0,120000.0,533.0,2843.0,4579.0
95833,21000,Arrondissement de Bruxelles-Capitale,Arrondissement Brussel Hoofdstad,Bezirk Brüssel-Hauptstadt,TOTAL,II,27.0,27000.0,27000.0,27000.0,320.0,592.0,880.0
95835,21000,Arrondissement de Bruxelles-Capitale,Arrondissement Brussel Hoofdstad,Bezirk Brüssel-Hauptstadt,TOTAL,IV,11.0,310000.0,310000.0,310000.0,71.0,539.0,1223.0
95836,21000,Arrondissement de Bruxelles-Capitale,Arrondissement Brussel Hoofdstad,Bezirk Brüssel-Hauptstadt,TOTAL,V,155.0,103000.0,215000.0,330000.0,147.0,252.0,714.0
95837,21000,Arrondissement de Bruxelles-Capitale,Arrondissement Brussel Hoofdstad,Bezirk Brüssel-Hauptstadt,TOTAL,VI,11035.0,135000.0,212000.0,340000.0,110.0,165.0,254.5
95839,21000,Arrondissement de Bruxelles-Capitale,Arrondissement Brussel Hoofdstad,Bezirk Brüssel-Hauptstadt,TOTAL,VIII,28.0,207500.0,506000.0,987500.0,183.0,403.5,1816.5
95841,21000,Arrondissement de Bruxelles-Capitale,Arrondissement Brussel Hoofdstad,Bezirk Brüssel-Hauptstadt,TOTAL,X,7.0,376744.5,645000.5,1625000.5,1366.0,3308.0,6543.0
95842,21000,Arrondissement de Bruxelles-Capitale,Arrondissement Brussel Hoofdstad,Bezirk Brüssel-Hauptstadt,TOTAL,XI,415.0,250000.0,370000.0,600000.0,90.0,135.0,242.0
95844,21000,Arrondissement de Bruxelles-Capitale,Arrondissement Brussel Hoofdstad,Bezirk Brüssel-Hauptstadt,TOTAL,XIII,10.0,2052000.0,2052000.0,2052000.0,1816.0,1878.0,4193.0
95848,21000,Arrondissement de Bruxelles-Capitale,Arrondissement Brussel Hoofdstad,Bezirk Brüssel-Hauptstadt,TOTAL,XVII,93.0,153000.0,630000.0,1200000.0,171.0,590.0,1059.0
95849,21000,Arrondissement de Bruxelles-Capitale,Arrondissement Brussel Hoofdstad,Bezirk Brüssel-Hauptstadt,TOTAL,XVIII,82.0,99.0,20500.0,125000.0,214.0,368.5,744.0
95850,23000,Arrondissement de Hal-Vilvorde,Arrondissement Halle-Vilvoorde,Bezirk Halle-Vilvoorde,CESSION,I,78.0,2974.72,6857.14,20000.0,735.0,2075.0,3360.0
95854,23000,Arrondissement de Hal-Vilvorde,Arrondissement Halle-Vilvoorde,Bezirk Halle-Vilvoorde,CESSION,V,148.0,2175.955,110000.0,147500.0,111.0,240.0,363.0
95855,23000,Arrondissement de Hal-Vilvorde,Arrondissement Halle-Vilvoorde,Bezirk Halle-Vilvoorde,CESSION,VI,220.0,132650.0,260000.0,331500.0,243.0,463.0,856.0
95860,23000,Arrondissement de Hal-Vilvorde,Arrondissement Halle-Vilvoorde,Bezirk Halle-Vilvoorde,CESSION,XI,8.0,110000.0,392500.0,675000.0,173.0,305.0,851.0
95866,23000,Arrondissement de Hal-Vilvorde,Arrondissement Halle-Vilvoorde,Bezirk Halle-Vilvoorde,CESSION,XVII,5.0,240000.0,295000.0,350000.0,354.0,677.0,1146.0
95873,23000,Arrondissement de Hal-Vilvorde,Arrondissement Halle-Vilvoorde,Bezirk Halle-Vilvoorde,COMMUNAUTE,VI,183.0,350000.0,350000.0,350000.0,238.0,552.0,1018.0
95886,23000,Arrondissement de Hal-Vilvorde,Arrondissement Halle-Vilvoorde,Bezirk Halle-Vilvoorde,DONATIMMEUB,I,258.0,2819.25,4127.5,213000.0,1710.0,3070.0,6210.0
95890,23000,Arrondissement de Hal-Vilvorde,Arrondissement Halle-Vilvoorde,Bezirk Halle-Vilvoorde,DONATIMMEUB,V,50.0,150000.0,175000.0,230000.0,358.0,698.0,939.0
95891,23000,Arrondissement de Hal-Vilvorde,Arrondissement Halle-Vilvoorde,Bezirk Halle-Vilvoorde,DONATIMMEUB,VI,375.0,170000.0,275000.0,320000.0,290.0,583.0,977.0
95892,23000,Arrondissement de Hal-Vilvorde,Arrondissement Halle-Vilvoorde,Bezirk Halle-Vilvoorde,DONATIMMEUB,VII,12.0,125000.0,125000.0,125000.0,765.0,1774.5,3480.0
95896,23000,Arrondissement de Hal-Vilvorde,Arrondissement Halle-Vilvoorde,Bezirk Halle-Vilvoorde,DONATIMMEUB,XI,12.0,305000.0,800000.0,1286683.0,154.5,173.0,219.5
95902,23000,Arrondissement de Hal-Vilvorde,Arrondissement Halle-Vilvoorde,Bezirk Halle-Vilvoorde,DONATIMMEUB,XVII,5.0,100000.0,162500.0,225000.0,742.0,1301.0,1447.0
95904,23000,Arrondissement de Hal-Vilvorde,Arrondissement Halle-Vilvoorde,Bezirk Halle-Vilvoorde,OTHER,I,138.0,6678.0,14550.0,66720.0,630.0,1956.0,4652.0
95908,23000,Arrondissement de Hal-Vilvorde,Arrondissement Halle-Vilvoorde,Bezirk Halle-Vilvoorde,OTHER,V,186.0,2040.0,14000.0,294500.0,174.0,482.0,870.0
95909,23000,Arrondissement de Hal-Vilvorde,Arrondissement Halle-Vilvoorde,Bezirk Halle-Vilvoorde,OTHER,VI,581.0,176903.0,260000.0,350000.0,297.0,546.0,927.0
95914,23000,Arrondissement de Hal-Vilvorde,Arrondissement Halle-Vilvoorde,Bezirk Halle-Vilvoorde,OTHER,XI,63.0,508914.0,508914.0,508914.0,183.0,359.0,1186.0
95919,23000,Arrondissement de Hal-Vilvorde,Arrondissement Halle-Vilvoorde,Bezirk Halle-Vilvoorde,OTHER,XVI,7.0,197095.0,197095.0,197095.0,886.0,1064.0,2431.0
95920,23000,Arrondissement de Hal-Vilvorde,Arrondissement Halle-Vilvoorde,Bezirk Halle-Vilvoorde,OTHER,XVII,40.0,20000.0,239778.0,1187500.0,25.0,348.0,2792.0
95921,23000,Arrondissement de Hal-Vilvorde,Arrondissement Halle-Vilvoorde,Bezirk Halle-Vilvoorde,OTHER,XVIII,22.0,10500.0,10500.0,10500.0,1198.0,3598.0,9010.0
95922,23000,Arrondissement de Hal-Vilvorde,Arrondissement Halle-Vilvoorde,Bezirk Halle-Vilvoorde,PARTAGE,I,75.0,7650.0,8900.0,115000.0,2170.0,3940.0,7010.0
95927,23000,Arrondissement de Hal-Vilvorde,Arrondissement Halle-Vilvoorde,Bezirk Halle-Vilvoorde,PARTAGE,VI,51.0,130000.0,280000.0,394000.0,219.5,514.5,748.0
95940,23000,Arrondissement de Hal-Vilvorde,Arrondissement Halle-Vilvoorde,Bezirk Halle-Vilvoorde,SUCCNALAT,I,999.0,4144.0,8600.0,18750.0,1520.0,3050.0,5558.0
95943,23000,Arrondissement de Hal-Vilvorde,Arrondissement Halle-Vilvoorde,Bezirk Halle-Vilvoorde,SUCCNALAT,IV,11.0,40.0,11270.0,22500.0,59.0,92.0,382.0
95944,23000,Arrondissement de Hal-Vilvorde,Arrondissement Halle-Vilvoorde,Bezirk Halle-Vilvoorde,SUCCNALAT,V,72.0,5000.0,98300.0,188000.0,256.5,465.0,861.5
95945,23000,Arrondissement de Hal-Vilvorde,Arrondissement Halle-Vilvoorde,Bezirk Halle-Vilvoorde,SUCCNALAT,VI,1113.0,190000.0,250000.0,320000.0,230.0,433.0,818.0
95946,23000,Arrondissement de Hal-Vilvorde,Arrondissement Halle-Vilvoorde,Bezirk Halle-Vilvoorde,SUCCNALAT,VII,59.0,54100.0,207500.0,250000.0,390.0,920.0,2508.0
95947,23000,Arrondissement de Hal-Vilvorde,Arrondissement Halle-Vilvoorde,Bezirk Halle-Vilvoorde,SUCCNALAT,VIII,5.0,600000.0,600000.0,600000.0,259.0,1006.0,1585.0
95950,23000,Arrondissement de Hal-Vilvorde,Arrondissement Halle-Vilvoorde,Bezirk Halle-Vilvoorde,SUCCNALAT,XI,17.0,216000.0,240000.0,290000.0,107.0,180.0,320.0
95957,23000,Arrondissement de Hal-Vilvorde,Arrondissement Halle-Vilvoorde,Bezirk Halle-Vilvoorde,SUCCNALAT,XVIII,8.0,50550.0,75275.0,100000.0,356.0,775.0,1056.5
95958,23000,Arrondissement de Hal-Vilvorde,Arrondissement Halle-Vilvoorde,Bezirk Halle-Vilvoorde,VENTEIMMEUB,I,405.0,9500.0,16000.0,45000.0,1155.0,2452.0,4810.0
95961,23000,Arrondissement de Hal-Vilvorde,Arrondissement Halle-Vilvoorde,Bezirk Halle-Vilvoorde,VENTEIMMEUB,IV,13.0,100000.0,450000.0,800000.0,62.0,224.0,580.0
95962,23000,Arrondissement de Hal-Vilvorde,Arrondissement Halle-Vilvoorde,Bezirk Halle-Vilvoorde,VENTEIMMEUB,V,448.0,89485.0,151100.0,260000.0,219.0,384.5,733.0
95963,23000,Arrondissement de Hal-Vilvorde,Arrondissement Halle-Vilvoorde,Bezirk Halle-Vilvoorde,VENTEIMMEUB,VI,2561.0,200000.0,275000.0,359000.0,207.0,380.0,745.0
95964,23000,Arrondissement de Hal-Vilvorde,Arrondissement Halle-Vilvoorde,Bezirk Halle-Vilvoorde,VENTEIMMEUB,VII,18.0,100000.0,240000.0,275000.0,90.0,909.0,2256.0
95965,23000,Arrondissement de Hal-Vilvorde,Arrondissement Halle-Vilvoorde,Bezirk Halle-Vilvoorde,VENTEIMMEUB,VIII,5.0,55402.5,92500.0,195000.0,431.0,594.0,690.0
95968,23000,Arrondissement de Hal-Vilvorde,Arrondissement Halle-Vilvoorde,Bezirk Halle-Vilvoorde,VENTEIMMEUB,XI,81.0,210000.0,300000.0,430000.0,161.0,265.0,817.0
95970,23000,Arrondissement de Hal-Vilvorde,Arrondissement Halle-Vilvoorde,Bezirk Halle-Vilvoorde,VENTEIMMEUB,XIII,5.0,1000000.0,1185000.0,1370000.0,621.0,979.0,2437.0
95972,23000,Arrondissement de Hal-Vilvorde,Arrondissement Halle-Vilvoorde,Bezirk Halle-Vilvoorde,VENTEIMMEUB,XV,5.0,7000.0,215000.0,1000000.0,1151.0,1252.0,1332.0
95974,23000,Arrondissement de Hal-Vilvorde,Arrondissement Halle-Vilvoorde,Bezirk Halle-Vilvoorde,VENTEIMMEUB,XVII,39.0,25000.0,200000.0,715000.0,52.5,691.0,2570.0
95976,23000,Arrondissement de Hal-Vilvorde,Arrondissement Halle-Vilvoorde,Bezirk Halle-Vilvoorde,VENTEPUBIMMEUB,I,23.0,70000.0,70000.0,70000.0,2400.0,3340.0,4490.0
95980,23000,Arrondissement de Hal-Vilvorde,Arrondissement Halle-Vilvoorde,Bezirk Halle-Vilvoorde,VENTEPUBIMMEUB,V,5.0,236000.0,248000.0,260000.0,242.0,540.0,555.0
95981,23000,Arrondissement de Hal-Vilvorde,Arrondissement Halle-Vilvoorde,Bezirk Halle-Vilvoorde,VENTEPUBIMMEUB,VI,39.0,137500.0,215000.0,326000.0,164.0,403.0,721.0
95994,23000,Arrondissement de Hal-Vilvorde,Arrondissement Halle-Vilvoorde,Bezirk Halle-Vilvoorde,TOTAL,I,2040.0,4460.0,10000.0,22000.0,1391.0,2847.5,5436.0
95997,23000,Arrondissement de Hal-Vilvorde,Arrondissement Halle-Vilvoorde,Bezirk Halle-Vilvoorde,TOTAL,IV,38.0,11270.0,61250.0,450000.0,65.0,225.5,636.0
95998,23000,Arrondissement de Hal-Vilvorde,Arrondissement Halle-Vilvoorde,Bezirk Halle-Vilvoorde,TOTAL,V,936.0,81810.0,149000.0,240000.0,215.5,384.5,756.0
95999,23000,Arrondissement de Hal-Vilvorde,Arrondissement Halle-Vilvoorde,Bezirk Halle-Vilvoorde,TOTAL,VI,5123.0,190000.0,265000.0,345000.0,226.0,434.0,827.0
96000,23000,Arrondissement de Hal-Vilvorde,Arrondissement Halle-Vilvoorde,Bezirk Halle-Vilvoorde,TOTAL,VII,107.0,100000.0,205000.0,260000.0,390.0,1105.0,2508.0
96001,23000,Arrondissement de Hal-Vilvorde,Arrondissement Halle-Vilvoorde,Bezirk Halle-Vilvoorde,TOTAL,VIII,21.0,90000.0,95000.0,295000.0,279.0,512.5,2749.5
96003,23000,Arrondissement de Hal-Vilvorde,Arrondissement Halle-Vilvoorde,Bezirk Halle-Vilvoorde,TOTAL,X,11.0,1231507.2,2356507.2,3325000.0,2353.0,9950.0,14177.0
96004,23000,Arrondissement de Hal-Vilvorde,Arrondissement Halle-Vilvoorde,Bezirk Halle-Vilvoorde,TOTAL,XI,189.0,213000.0,294030.0,435000.0,161.0,236.0,639.0
96006,23000,Arrondissement de Hal-Vilvorde,Arrondissement Halle-Vilvoorde,Bezirk Halle-Vilvoorde,TOTAL,XIII,12.0,1000000.0,1185000.0,1370000.0,545.5,1381.5,2928.0
96007,23000,Arrondissement de Hal-Vilvorde,Arrondissement Halle-Vilvoorde,Bezirk Halle-Vilvoorde,TOTAL,XIV,5.0,25.0,62.5,100.0,1.0,2.0,6.0
96008,23000,Arrondissement de Hal-Vilvorde,Arrondissement Halle-Vilvoorde,Bezirk Halle-Vilvoorde,TOTAL,XV,14.0,7000.0,76000.0,215000.0,744.0,1103.0,1332.0
96009,23000,Arrondissement de Hal-Vilvorde,Arrondissement Halle-Vilvoorde,Bezirk Halle-Vilvoorde,TOTAL,XVI,10.0,197095.0,948547.5,1700000.0,886.0,1064.0,2431.0
96010,23000,Arrondissement de Hal-Vilvorde,Arrondissement Halle-Vilvoorde,Bezirk Halle-Vilvoorde,TOTAL,XVII,97.0,62500.0,232389.0,550000.0,46.0,465.5,2129.0
96011,23000,Arrondissement de Hal-Vilvorde,Arrondissement Halle-Vilvoorde,Bezirk Halle-Vilvoorde,TOTAL,XVIII,37.0,10500.0,50550.0,100000.0,648.0,1149.0,3859.0
96012,24000,Arrondissement de Louvain,Arrondissement Leuven,Bezirk Löwen,CESSION,I,145.0,6171.5,8300.0,10000.0,1920.0,3733.0,6758.0
96016,24000,Arrondissement de Louvain,Arrondissement Leuven,Bezirk Löwen,CESSION,V,53.0,1772.0,7956.0,69456.0,56.0,132.0,828.0
96017,24000,Arrondissement de Louvain,Arrondissement Leuven,Bezirk Löwen,CESSION,VI,94.0,110874.29,190000.0,275000.0,253.0,533.0,978.0
96018,24000,Arrondissement de Louvain,Arrondissement Leuven,Bezirk Löwen,CESSION,VII,6.0,212000.0,256000.0,300000.0,279.0,853.0,1451.0
96048,24000,Arrondissement de Louvain,Arrondissement Leuven,Bezirk Löwen,DONATIMMEUB,I,208.0,18000.0,110000.0,140000.0,1988.0,3088.0,5365.0
96052,24000,Arrondissement de Louvain,Arrondissement Leuven,Bezirk Löwen,DONATIMMEUB,V,49.0,95000.0,140000.0,200000.0,485.0,968.0,1508.0
96053,24000,Arrondissement de Louvain,Arrondissement Leuven,Bezirk Löwen,DONATIMMEUB,VI,278.0,200000.0,250000.0,350000.0,313.0,631.0,1096.0
96054,24000,Arrondissement de Louvain,Arrondissement Leuven,Bezirk Löwen,DONATIMMEUB,VII,15.0,300000.0,300000.0,300000.0,194.0,1235.0,2672.0
96058,24000,Arrondissement de Louvain,Arrondissement Leuven,Bezirk Löwen,DONATIMMEUB,XI,10.0,250000.0,300000.0,600000.0,151.0,232.0,629.0
96064,24000,Arrondissement de Louvain,Arrondissement Leuven,Bezirk Löwen,DONATIMMEUB,XVII,9.0,125000.0,375000.0,448000.0,189.0,1940.0,7481.0
96066,24000,Arrondissement de Louvain,Arrondissement Leuven,Bezirk Löwen,OTHER,I,226.0,5000.0,9930.0,19800.0,1546.0,2840.0,5196.0
96070,24000,Arrondissement de Louvain,Arrondissement Leuven,Bezirk Löwen,OTHER,V,106.0,50.0,32500.0,200000.0,297.0,716.0,1542.0
96071,24000,Arrondissement de Louvain,Arrondissement Leuven,Bezirk Löwen,OTHER,VI,404.0,210000.0,260000.0,325000.0,322.5,708.5,1125.0
96072,24000,Arrondissement de Louvain,Arrondissement Leuven,Bezirk Löwen,OTHER,VII,15.0,20.0,20.0,20.0,309.0,1412.0,3439.0
96076,24000,Arrondissement de Louvain,Arrondissement Leuven,Bezirk Löwen,OTHER,XI,16.0,9688.175,109000.0,240000.0,287.0,448.0,665.0
96080,24000,Arrondissement de Louvain,Arrondissement Leuven,Bezirk Löwen,OTHER,XV,8.0,112926.0,112926.0,112926.0,397.0,717.0,2321.0
96082,24000,Arrondissement de Louvain,Arrondissement Leuven,Bezirk Löwen,OTHER,XVII,7.0,63000.0,63000.0,63000.0,84.0,980.0,2884.0
96084,24000,Arrondissement de Louvain,Arrondissement Leuven,Bezirk Löwen,PARTAGE,I,58.0,3690.0,20000.0,324000.0,1495.0,3640.0,5744.0
96088,24000,Arrondissement de Louvain,Arrondissement Leuven,Bezirk Löwen,PARTAGE,V,21.0,116500.0,144750.0,182250.0,645.0,1545.0,2335.0
96089,24000,Arrondissement de Louvain,Arrondissement Leuven,Bezirk Löwen,PARTAGE,VI,127.0,250000.0,305000.0,360000.0,348.0,653.5,1069.0
96090,24000,Arrondissement de Louvain,Arrondissement Leuven,Bezirk Löwen,PARTAGE,VII,6.0,325000.0,325000.0,325000.0,900.0,1881.5,2908.0
96102,24000,Arrondissement de Louvain,Arrondissement Leuven,Bezirk Löwen,SUCCNALAT,I,822.0,3690.0,7000.0,19950.0,1514.0,2720.0,4860.0
96103,24000,Arrondissement de Louvain,Arrondissement Leuven,Bezirk Löwen,SUCCNALAT,II,7.0,13000.0,16500.0,20000.0,842.0,1476.0,4052.0
96105,24000,Arrondissement de Louvain,Arrondissement Leuven,Bezirk Löwen,SUCCNALAT,IV,21.0,177.0,7650.0,23000.0,117.0,260.0,472.0
96106,24000,Arrondissement de Louvain,Arrondissement Leuven,Bezirk Löwen,SUCCNALAT,V,61.0,40000.0,125000.0,185000.0,491.0,1007.0,1437.0
96107,24000,Arrondissement de Louvain,Arrondissement Leuven,Bezirk Löwen,SUCCNALAT,VI,959.0,160000.0,224000.0,285000.0,275.5,625.0,1092.0
96108,24000,Arrondissement de Louvain,Arrondissement Leuven,Bezirk Löwen,SUCCNALAT,VII,33.0,38025.0,134982.0,180000.0,165.0,650.0,1555.0
96112,24000,Arrondissement de Louvain,Arrondissement Leuven,Bezirk Löwen,SUCCNALAT,XI,19.0,190000.0,280000.0,626000.0,130.0,196.0,547.0
96116,24000,Arrondissement de Louvain,Arrondissement Leuven,Bezirk Löwen,SUCCNALAT,XV,8.0,100000.0,140000.0,190000.0,180.0,1021.0,1762.0
96120,24000,Arrondissement de Louvain,Arrondissement Leuven,Bezirk Löwen,VENTEIMMEUB,I,601.0,6000.0,15000.0,35000.0,1865.0,3169.0,6470.0
96124,24000,Arrondissement de Louvain,Arrondissement Leuven,Bezirk Löwen,VENTEIMMEUB,V,391.0,91459.09,150000.0,290286.0,276.0,506.0,944.0
96125,24000,Arrondissement de Louvain,Arrondissement Leuven,Bezirk Löwen,VENTEIMMEUB,VI,1742.0,180000.0,250000.0,340000.0,209.5,471.5,921.5
96126,24000,Arrondissement de Louvain,Arrondissement Leuven,Bezirk Löwen,VENTEIMMEUB,VII,31.0,140000.0,195000.0,245000.0,224.0,1060.0,1875.0
96130,24000,Arrondissement de Louvain,Arrondissement Leuven,Bezirk Löwen,VENTEIMMEUB,XI,70.0,190000.0,300000.0,350000.0,181.5,358.5,718.0
96134,24000,Arrondissement de Louvain,Arrondissement Leuven,Bezirk Löwen,VENTEIMMEUB,XV,15.0,75000.0,105000.0,173000.0,263.0,690.0,965.0
96136,24000,Arrondissement de Louvain,Arrondissement Leuven,Bezirk Löwen,VENTEIMMEUB,XVII,42.0,90000.0,209000.0,360000.0,44.0,188.0,594.0
96142,24000,Arrondissement de Louvain,Arrondissement Leuven,Bezirk Löwen,VENTEPUBIMMEUB,V,17.0,126000.0,189500.0,253000.0,621.0,990.0,2907.0
96143,24000,Arrondissement de Louvain,Arrondissement Leuven,Bezirk Löwen,VENTEPUBIMMEUB,VI,55.0,101500.0,170000.0,257500.0,189.0,413.0,970.0
96156,24000,Arrondissement de Louvain,Arrondissement Leuven,Bezirk Löwen,TOTAL,I,2191.0,4000.0,8333.0,23850.0,1714.0,3040.0,5526.0
96157,24000,Arrondissement de Louvain,Arrondissement Leuven,Bezirk Löwen,TOTAL,II,31.0,13000.0,16500.0,20000.0,462.0,1516.0,3256.0
96159,24000,Arrondissement de Louvain,Arrondissement Leuven,Bezirk Löwen,TOTAL,IV,51.0,177.0,7650.0,23000.0,117.0,365.0,4064.0
96160,24000,Arrondissement de Louvain,Arrondissement Leuven,Bezirk Löwen,TOTAL,V,727.0,90000.0,140000.0,253000.0,302.0,615.0,1197.0
96161,24000,Arrondissement de Louvain,Arrondissement Leuven,Bezirk Löwen,TOTAL,VI,3845.0,175000.0,247000.0,325000.0,257.0,577.0,1041.0
96162,24000,Arrondissement de Louvain,Arrondissement Leuven,Bezirk Löwen,TOTAL,VII,116.0,80000.0,165000.0,245000.0,230.5,1127.0,2021.0
96163,24000,Arrondissement de Louvain,Arrondissement Leuven,Bezirk Löwen,TOTAL,VIII,6.0,150000.0,233000.0,720500.0,508.0,1121.0,2055.0
96165,24000,Arrondissement de Louvain,Arrondissement Leuven,Bezirk Löwen,TOTAL,X,5.0,650000.0,650000.0,650000.0,1230.0,1545.0,2799.0
96166,24000,Arrondissement de Louvain,Arrondissement Leuven,Bezirk Löwen,TOTAL,XI,127.0,185000.0,278600.0,350000.0,152.5,315.5,665.0
96168,24000,Arrondissement de Louvain,Arrondissement Leuven,Bezirk Löwen,TOTAL,XIII,14.0,290000.0,633876.0,661000.0,1448.0,1730.0,2059.0
96170,24000,Arrondissement de Louvain,Arrondissement Leuven,Bezirk Löwen,TOTAL,XV,43.0,77500.0,111463.0,181500.0,263.0,704.0,1626.0
96172,24000,Arrondissement de Louvain,Arrondissement Leuven,Bezirk Löwen,TOTAL,XVII,71.0,90000.0,220000.0,448000.0,125.0,294.0,1086.0
96173,24000,Arrondissement de Louvain,Arrondissement Leuven,Bezirk Löwen,TOTAL,XVIII,13.0,115000.0,115000.0,115000.0,260.0,318.5,1095.5
96178,25000,Arrondissement de Nivelles,Arrondissement Nijvel,Bezirk Nivelles,CESSION,V,17.0,3936.0,59125.0,114314.0,356.0,467.0,937.0
96179,25000,Arrondissement de Nivelles,Arrondissement Nijvel,Bezirk Nivelles,CESSION,VI,120.0,205000.0,277500.0,396000.0,348.0,760.0,1484.0
96184,25000,Arrondissement de Nivelles,Arrondissement Nijvel,Bezirk Nivelles,CESSION,XI,5.0,158400.0,169200.0,180000.0,95.0,105.0,121.0
96210,25000,Arrondissement de Nivelles,Arrondissement Nijvel,Bezirk Nivelles,DONATIMMEUB,I,108.0,49166.67,127700.0,214000.0,1553.5,4135.0,9805.0
96214,25000,Arrondissement de Nivelles,Arrondissement Nijvel,Bezirk Nivelles,DONATIMMEUB,V,20.0,35000.0,107082.0,125000.0,792.0,1000.0,1509.5
96215,25000,Arrondissement de Nivelles,Arrondissement Nijvel,Bezirk Nivelles,DONATIMMEUB,VI,138.0,125000.0,246000.0,300000.0,368.5,839.5,1466.5
96232,25000,Arrondissement de Nivelles,Arrondissement Nijvel,Bezirk Nivelles,OTHER,V,45.0,275000.0,275000.0,275000.0,506.0,1019.0,1639.0
96233,25000,Arrondissement de Nivelles,Arrondissement Nijvel,Bezirk Nivelles,OTHER,VI,188.0,212500.0,275000.0,337500.0,401.0,765.0,1292.0
96238,25000,Arrondissement de Nivelles,Arrondissement Nijvel,Bezirk Nivelles,OTHER,XI,8.0,315000.0,315000.0,315000.0,120.0,178.5,2903.5
96250,25000,Arrondissement de Nivelles,Arrondissement Nijvel,Bezirk Nivelles,PARTAGE,V,22.0,37333.34,183935.0,230000.0,284.0,834.5,1777.0
96251,25000,Arrondissement de Nivelles,Arrondissement Nijvel,Bezirk Nivelles,PARTAGE,VI,169.0,200000.0,305000.0,407900.0,325.0,749.0,1308.0
96256,25000,Arrondissement de Nivelles,Arrondissement Nijvel,Bezirk Nivelles,PARTAGE,XI,6.0,260000.0,260000.0,260000.0,90.0,93.0,420.0
96264,25000,Arrondissement de Nivelles,Arrondissement Nijvel,Bezirk Nivelles,SUCCNALAT,I,670.0,3696.0,8629.0,25550.0,1560.0,3423.0,8540.0
96265,25000,Arrondissement de Nivelles,Arrondissement Nijvel,Bezirk Nivelles,SUCCNALAT,II,7.0,3352.0,3352.0,3352.0,675.0,1676.0,2400.0
96267,25000,Arrondissement de Nivelles,Arrondissement Nijvel,Bezirk Nivelles,SUCCNALAT,IV,27.0,362.0,762.0,1380.0,104.0,297.0,625.0
96268,25000,Arrondissement de Nivelles,Arrondissement Nijvel,Bezirk Nivelles,SUCCNALAT,V,33.0,4934.0,20800.0,31000.0,352.0,1010.0,2150.0
96269,25000,Arrondissement de Nivelles,Arrondissement Nijvel,Bezirk Nivelles,SUCCNALAT,VI,691.0,155000.0,230000.0,300000.0,337.0,630.5,1065.0
96270,25000,Arrondissement de Nivelles,Arrondissement Nijvel,Bezirk Nivelles,SUCCNALAT,VII,28.0,16250.0,168750.0,295000.0,178.0,1232.0,2867.0
96274,25000,Arrondissement de Nivelles,Arrondissement Nijvel,Bezirk Nivelles,SUCCNALAT,XI,15.0,150000.0,216250.0,390500.0,95.0,239.5,514.0
96282,25000,Arrondissement de Nivelles,Arrondissement Nijvel,Bezirk Nivelles,VENTEIMMEUB,I,226.0,8500.0,55000.0,190000.0,1367.0,2525.0,5480.0
96285,25000,Arrondissement de Nivelles,Arrondissement Nijvel,Bezirk Nivelles,VENTEIMMEUB,IV,18.0,360000.0,360000.0,360000.0,193.0,485.0,1331.0
96286,25000,Arrondissement de Nivelles,Arrondissement Nijvel,Bezirk Nivelles,VENTEIMMEUB,V,306.0,120000.0,180000.0,283364.64,324.0,761.0,1400.0
96287,25000,Arrondissement de Nivelles,Arrondissement Nijvel,Bezirk Nivelles,VENTEIMMEUB,VI,1972.0,175000.0,263000.0,370000.0,274.0,608.0,1100.0
96288,25000,Arrondissement de Nivelles,Arrondissement Nijvel,Bezirk Nivelles,VENTEIMMEUB,VII,17.0,115000.0,175000.0,205000.0,78.0,1108.0,1751.0
96291,25000,Arrondissement de Nivelles,Arrondissement Nijvel,Bezirk Nivelles,VENTEIMMEUB,X,5.0,30000.0,425000.0,1125000.0,2779.0,3447.0,4049.0
96292,25000,Arrondissement de Nivelles,Arrondissement Nijvel,Bezirk Nivelles,VENTEIMMEUB,XI,44.0,197500.0,248750.0,552500.0,200.0,800.0,1651.0
96298,25000,Arrondissement de Nivelles,Arrondissement Nijvel,Bezirk Nivelles,VENTEIMMEUB,XVII,47.0,80000.0,150000.0,350000.0,250.0,1060.0,2370.0
96305,25000,Arrondissement de Nivelles,Arrondissement Nijvel,Bezirk Nivelles,VENTEPUBIMMEUB,VI,17.0,124851.96,241500.0,354688.71,144.0,690.0,1426.0
96318,25000,Arrondissement de Nivelles,Arrondissement Nijvel,Bezirk Nivelles,TOTAL,I,1199.0,4248.0,10197.0,35000.0,1520.0,3320.0,8371.0
96319,25000,Arrondissement de Nivelles,Arrondissement Nijvel,Bezirk Nivelles,TOTAL,II,20.0,3352.0,23676.0,44000.0,836.5,1439.0,6966.0
96321,25000,Arrondissement de Nivelles,Arrondissement Nijvel,Bezirk Nivelles,TOTAL,IV,60.0,564.0,960.0,1800.0,126.0,357.5,671.0
96322,25000,Arrondissement de Nivelles,Arrondissement Nijvel,Bezirk Nivelles,TOTAL,V,456.0,110000.0,173000.0,277083.64,355.5,828.0,1491.5
96323,25000,Arrondissement de Nivelles,Arrondissement Nijvel,Bezirk Nivelles,TOTAL,VI,3361.0,170000.0,250000.0,350000.0,318.0,669.0,1180.0
96324,25000,Arrondissement de Nivelles,Arrondissement Nijvel,Bezirk Nivelles,TOTAL,VII,53.0,49000.0,175000.0,245450.0,169.0,1118.5,2815.0
96327,25000,Arrondissement de Nivelles,Arrondissement Nijvel,Bezirk Nivelles,TOTAL,X,6.0,30000.0,425000.0,1125000.0,1196.0,3113.0,4049.0
96328,25000,Arrondissement de Nivelles,Arrondissement Nijvel,Bezirk Nivelles,TOTAL,XI,84.0,180000.0,233750.0,430000.0,105.0,263.0,1149.0
96332,25000,Arrondissement de Nivelles,Arrondissement Nijvel,Bezirk Nivelles,TOTAL,XV,8.0,77025.56,170000.0,375000.0,587.0,1310.0,2673.0
96334,25000,Arrondissement de Nivelles,Arrondissement Nijvel,Bezirk Nivelles,TOTAL,XVII,67.0,55000.0,142000.0,345000.0,262.0,912.0,2154.0
96336,31000,Arrondissement de Bruges,Arrondissement Brugge,Bezirk Brügge,CESSION,I,42.0,20966.0,20966.0,20966.0,3120.0,3876.0,7600.0
96340,31000,Arrondissement de Bruges,Arrondissement Brugge,Bezirk Brügge,CESSION,V,20.0,115000.0,115000.0,115000.0,110.0,235.5,691.0
96341,31000,Arrondissement de Bruges,Arrondissement Brugge,Bezirk Brügge,CESSION,VI,163.0,117000.0,222500.0,340000.0,151.0,250.0,629.0
96342,31000,Arrondissement de Bruges,Arrondissement Brugge,Bezirk Brügge,CESSION,VII,8.0,200.0,210100.0,420000.0,1229.0,1662.5,3197.5
96346,31000,Arrondissement de Bruges,Arrondissement Brugge,Bezirk Brügge,CESSION,XI,5.0,48478.32,100000.0,320000.0,166.0,232.0,299.0
96372,31000,Arrondissement de Bruges,Arrondissement Brugge,Bezirk Brügge,DONATIMMEUB,I,50.0,800.0,800.0,800.0,1560.0,4551.5,8660.0
96376,31000,Arrondissement de Bruges,Arrondissement Brugge,Bezirk Brügge,DONATIMMEUB,V,14.0,105000.0,130000.0,140400.0,405.0,496.0,767.0
96377,31000,Arrondissement de Bruges,Arrondissement Brugge,Bezirk Brügge,DONATIMMEUB,VI,330.0,190000.0,255000.0,371840.0,180.0,414.5,670.0
96378,31000,Arrondissement de Bruges,Arrondissement Brugge,Bezirk Brügge,DONATIMMEUB,VII,5.0,150000.0,192305.0,234610.0,1383.0,1563.0,7081.0
96382,31000,Arrondissement de Bruges,Arrondissement Brugge,Bezirk Brügge,DONATIMMEUB,XI,14.0,230875.0,305000.0,662500.0,100.0,115.0,215.0
96388,31000,Arrondissement de Bruges,Arrondissement Brugge,Bezirk Brügge,DONATIMMEUB,XVII,6.0,580000.0,580000.0,580000.0,434.0,904.0,1241.0
96394,31000,Arrondissement de Bruges,Arrondissement Brugge,Bezirk Brügge,OTHER,V,107.0,10000.0,40000.0,70000.0,50.0,258.0,588.0
96395,31000,Arrondissement de Bruges,Arrondissement Brugge,Bezirk Brügge,OTHER,VI,705.0,173000.0,250000.0,330000.0,54.5,115.0,352.0
96400,31000,Arrondissement de Bruges,Arrondissement Brugge,Bezirk Brügge,OTHER,XI,40.0,204000.0,250000.0,285000.0,85.0,220.0,340.0
96406,31000,Arrondissement de Bruges,Arrondissement Brugge,Bezirk Brügge,OTHER,XVII,58.0,360000.0,360000.0,360000.0,14.5,77.5,1552.0
96413,31000,Arrondissement de Bruges,Arrondissement Brugge,Bezirk Brügge,PARTAGE,VI,22.0,105000.0,195000.0,287000.0,103.0,171.0,377.0
96426,31000,Arrondissement de Bruges,Arrondissement Brugge,Bezirk Brügge,SUCCNALAT,I,136.0,11000.0,21070.0,112000.0,2312.5,4455.0,8371.5
96430,31000,Arrondissement de Bruges,Arrondissement Brugge,Bezirk Brügge,SUCCNALAT,V,14.0,172500.0,215000.0,290000.0,174.0,421.0,827.0
96431,31000,Arrondissement de Bruges,Arrondissement Brugge,Bezirk Brügge,SUCCNALAT,VI,687.0,162500.0,223000.0,300000.0,187.0,397.0,731.0
96432,31000,Arrondissement de Bruges,Arrondissement Brugge,Bezirk Brügge,SUCCNALAT,VII,11.0,300000.0,310000.0,380000.0,1800.0,2768.0,4241.0
96436,31000,Arrondissement de Bruges,Arrondissement Brugge,Bezirk Brügge,SUCCNALAT,XI,14.0,325000.0,475000.0,1000000.0,110.0,202.5,420.0
96444,31000,Arrondissement de Bruges,Arrondissement Brugge,Bezirk Brügge,VENTEIMMEUB,I,134.0,20000.0,90000.0,230000.0,1117.0,2982.5,7391.0
96447,31000,Arrondissement de Bruges,Arrondissement Brugge,Bezirk Brügge,VENTEIMMEUB,IV,29.0,3000.0,3000.0,3000.0,186.0,277.0,500.0
96448,31000,Arrondissement de Bruges,Arrondissement Brugge,Bezirk Brügge,VENTEIMMEUB,V,271.0,86000.0,215000.0,333400.0,140.0,264.0,468.0
96449,31000,Arrondissement de Bruges,Arrondissement Brugge,Bezirk Brügge,VENTEIMMEUB,VI,2144.0,152000.0,245000.0,339000.0,150.0,288.0,586.0
96450,31000,Arrondissement de Bruges,Arrondissement Brugge,Bezirk Brügge,VENTEIMMEUB,VII,5.0,152700.0,152700.0,152700.0,433.0,509.0,756.0
96454,31000,Arrondissement de Bruges,Arrondissement Brugge,Bezirk Brügge,VENTEIMMEUB,XI,67.0,216000.0,342500.0,720000.0,118.0,210.0,424.0
96460,31000,Arrondissement de Bruges,Arrondissement Brugge,Bezirk Brügge,VENTEIMMEUB,XVII,124.0,34000.0,110000.0,235000.0,111.0,262.0,1462.0
96467,31000,Arrondissement de Bruges,Arrondissement Brugge,Bezirk Brügge,VENTEPUBIMMEUB,VI,15.0,136000.0,147762.0,212000.0,99.0,181.5,1031.5
96480,31000,Arrondissement de Bruges,Arrondissement Brugge,Bezirk Brügge,TOTAL,I,425.0,12000.0,29708.0,150000.0,1950.0,3755.0,7885.0
96483,31000,Arrondissement de Bruges,Arrondissement Brugge,Bezirk Brügge,TOTAL,IV,63.0,3000.0,3000.0,3000.0,200.0,352.0,664.0
96484,31000,Arrondissement de Bruges,Arrondissement Brugge,Bezirk Brügge,TOTAL,V,437.0,86000.0,200000.0,325000.0,124.0,270.0,547.0
96485,31000,Arrondissement de Bruges,Arrondissement Brugge,Bezirk Brügge,TOTAL,VI,4200.0,160000.0,240000.0,329200.0,111.0,267.0,594.0
96486,31000,Arrondissement de Bruges,Arrondissement Brugge,Bezirk Brügge,TOTAL,VII,40.0,150000.0,267305.0,380000.0,1075.0,2196.5,4241.0
96487,31000,Arrondissement de Bruges,Arrondissement Brugge,Bezirk Brügge,TOTAL,VIII,13.0,80000.0,445000.0,540000.0,531.0,1213.0,2007.0
96489,31000,Arrondissement de Bruges,Arrondissement Brugge,Bezirk Brügge,TOTAL,X,7.0,3250000.0,3250000.0,3250000.0,4114.0,8227.0,11325.0
96490,31000,Arrondissement de Bruges,Arrondissement Brugge,Bezirk Brügge,TOTAL,XI,144.0,216000.0,322500.0,592000.0,113.0,210.0,412.0
96492,31000,Arrondissement de Bruges,Arrondissement Brugge,Bezirk Brügge,TOTAL,XIII,18.0,275000.0,275000.0,275000.0,1564.0,2151.5,3112.0
96493,31000,Arrondissement de Bruges,Arrondissement Brugge,Bezirk Brügge,TOTAL,XIV,12.0,10000.0,10000.0,10000.0,41.0,151.5,1165.0
96494,31000,Arrondissement de Bruges,Arrondissement Brugge,Bezirk Brügge,TOTAL,XV,8.0,42500.0,152500.0,275000.0,1256.0,1682.0,2567.5
96496,31000,Arrondissement de Bruges,Arrondissement Brugge,Bezirk Brügge,TOTAL,XVII,205.0,34000.0,120000.0,270000.0,42.0,271.0,1372.5
96498,32000,Arrondissement de Dixmude,Arrondissement Diksmuide,Bezirk Diksmuide,CESSION,I,24.0,20438.3,20438.3,20438.3,3250.0,4802.5,9530.5
96503,32000,Arrondissement de Dixmude,Arrondissement Diksmuide,Bezirk Diksmuide,CESSION,VI,14.0,60000.0,110625.0,175000.0,352.0,749.5,1150.0
96534,32000,Arrondissement de Dixmude,Arrondissement Diksmuide,Bezirk Diksmuide,DONATIMMEUB,I,38.0,1773.0,120451.0,239129.0,3850.0,5930.0,11170.0
96539,32000,Arrondissement de Dixmude,Arrondissement Diksmuide,Bezirk Diksmuide,DONATIMMEUB,VI,28.0,156000.0,190000.0,255000.0,333.0,585.0,1052.0
96540,32000,Arrondissement de Dixmude,Arrondissement Diksmuide,Bezirk Diksmuide,DONATIMMEUB,VII,10.0,155000.0,155000.0,155000.0,1426.0,6269.5,9916.0
96552,32000,Arrondissement de Dixmude,Arrondissement Diksmuide,Bezirk Diksmuide,OTHER,I,36.0,6450.0,11310.0,16740.0,1014.0,2345.5,6544.5
96556,32000,Arrondissement de Dixmude,Arrondissement Diksmuide,Bezirk Diksmuide,OTHER,V,76.0,10500.0,15000.0,82500.0,318.0,408.0,505.0
96557,32000,Arrondissement de Dixmude,Arrondissement Diksmuide,Bezirk Diksmuide,OTHER,VI,44.0,140000.0,185000.0,250000.0,405.0,772.0,1423.0
96575,32000,Arrondissement de Dixmude,Arrondissement Diksmuide,Bezirk Diksmuide,PARTAGE,VI,6.0,120710.26,150035.0,175000.0,777.0,1019.0,1693.0
96588,32000,Arrondissement de Dixmude,Arrondissement Diksmuide,Bezirk Diksmuide,SUCCNALAT,I,89.0,10000.0,62455.0,193336.0,2730.0,5980.0,11219.0
96593,32000,Arrondissement de Dixmude,Arrondissement Diksmuide,Bezirk Diksmuide,SUCCNALAT,VI,81.0,130000.0,175000.0,225000.0,369.5,666.0,1205.5
96594,32000,Arrondissement de Dixmude,Arrondissement Diksmuide,Bezirk Diksmuide,SUCCNALAT,VII,9.0,35000.0,67250.0,187250.0,1075.0,1978.0,3075.0
96606,32000,Arrondissement de Dixmude,Arrondissement Diksmuide,Bezirk Diksmuide,VENTEIMMEUB,I,63.0,26000.0,60000.0,107500.0,2813.0,6040.0,11380.0
96610,32000,Arrondissement de Dixmude,Arrondissement Diksmuide,Bezirk Diksmuide,VENTEIMMEUB,V,79.0,60800.0,142500.0,252881.065,211.0,373.0,643.0
96611,32000,Arrondissement de Dixmude,Arrondissement Diksmuide,Bezirk Diksmuide,VENTEIMMEUB,VI,170.0,153000.0,220000.0,270000.0,337.0,508.0,772.0
96612,32000,Arrondissement de Dixmude,Arrondissement Diksmuide,Bezirk Diksmuide,VENTEIMMEUB,VII,8.0,375000.0,375000.0,375000.0,837.0,2934.0,4612.5
96616,32000,Arrondissement de Dixmude,Arrondissement Diksmuide,Bezirk Diksmuide,VENTEIMMEUB,XI,9.0,175000.0,220000.0,245000.0,287.0,383.0,643.0
96622,32000,Arrondissement de Dixmude,Arrondissement Diksmuide,Bezirk Diksmuide,VENTEIMMEUB,XVII,13.0,90000.0,109675.0,190000.0,149.0,726.0,3127.0
96642,32000,Arrondissement de Dixmude,Arrondissement Diksmuide,Bezirk Diksmuide,TOTAL,I,290.0,10000.0,28190.0,105000.0,2660.0,5645.0,11020.0
96646,32000,Arrondissement de Dixmude,Arrondissement Diksmuide,Bezirk Diksmuide,TOTAL,V,165.0,40300.0,123500.0,245530.5,271.0,398.0,549.0
96647,32000,Arrondissement de Dixmude,Arrondissement Diksmuide,Bezirk Diksmuide,TOTAL,VI,375.0,140000.0,197000.0,260000.0,371.0,579.5,1062.0
96648,32000,Arrondissement de Dixmude,Arrondissement Diksmuide,Bezirk Diksmuide,TOTAL,VII,45.0,50000.0,119750.0,290000.0,730.0,2635.0,5382.0
96652,32000,Arrondissement de Dixmude,Arrondissement Diksmuide,Bezirk Diksmuide,TOTAL,XI,24.0,175000.0,210000.0,245000.0,295.0,476.0,897.0
96658,32000,Arrondissement de Dixmude,Arrondissement Diksmuide,Bezirk Diksmuide,TOTAL,XVII,22.0,51228.0,90000.0,149837.5,211.5,792.0,3228.5
96660,33000,Arrondissement d'Ypres,Arrondissement Ieper,Bezirk Ypern,CESSION,I,23.0,3750.0,10250.0,16750.0,3378.0,6622.0,13520.0
96664,33000,Arrondissement d'Ypres,Arrondissement Ieper,Bezirk Ypern,CESSION,V,5.0,6400.0,8232.66,44550.0,339.0,1644.0,2521.0
96665,33000,Arrondissement d'Ypres,Arrondissement Ieper,Bezirk Ypern,CESSION,VI,22.0,46525.0,80000.0,127500.0,390.0,911.0,1301.0
96696,33000,Arrondissement d'Ypres,Arrondissement Ieper,Bezirk Ypern,DONATIMMEUB,I,107.0,95632.0,95632.0,95632.0,2401.0,6000.0,11706.0
96701,33000,Arrondissement d'Ypres,Arrondissement Ieper,Bezirk Ypern,DONATIMMEUB,VI,42.0,112500.0,166875.0,240000.0,230.5,338.5,807.5
96714,33000,Arrondissement d'Ypres,Arrondissement Ieper,Bezirk Ypern,OTHER,I,36.0,16000.0,90014.0,164028.0,4709.5,6582.5,11055.0
96718,33000,Arrondissement d'Ypres,Arrondissement Ieper,Bezirk Ypern,OTHER,V,47.0,16000.0,16000.0,16000.0,44.0,409.0,1394.0
96719,33000,Arrondissement d'Ypres,Arrondissement Ieper,Bezirk Ypern,OTHER,VI,77.0,65622.435,95000.0,127472.39,248.0,420.0,765.0
96724,33000,Arrondissement d'Ypres,Arrondissement Ieper,Bezirk Ypern,OTHER,XI,5.0,289000.0,289000.0,289000.0,112.0,593.0,626.0
96730,33000,Arrondissement d'Ypres,Arrondissement Ieper,Bezirk Ypern,OTHER,XVII,10.0,23250.0,32000.0,40000.0,578.0,2487.5,10680.0
96737,33000,Arrondissement d'Ypres,Arrondissement Ieper,Bezirk Ypern,PARTAGE,VI,9.0,6000.0,43312.5,80625.0,242.0,310.0,386.0
96750,33000,Arrondissement d'Ypres,Arrondissement Ieper,Bezirk Ypern,SUCCNALAT,I,126.0,25500.0,37500.0,52500.0,2872.0,5455.0,9130.0
96754,33000,Arrondissement d'Ypres,Arrondissement Ieper,Bezirk Ypern,SUCCNALAT,V,5.0,18000.0,334240.0,650480.0,163.0,180.0,323.0
96755,33000,Arrondissement d'Ypres,Arrondissement Ieper,Bezirk Ypern,SUCCNALAT,VI,206.0,125000.0,170000.0,227500.0,250.0,455.0,749.0
96756,33000,Arrondissement d'Ypres,Arrondissement Ieper,Bezirk Ypern,SUCCNALAT,VII,11.0,43350.0,88350.0,132500.0,580.0,1667.0,3572.0
96760,33000,Arrondissement d'Ypres,Arrondissement Ieper,Bezirk Ypern,SUCCNALAT,XI,11.0,150000.0,153000.0,225000.0,97.0,265.0,822.0
96768,33000,Arrondissement d'Ypres,Arrondissement Ieper,Bezirk Ypern,VENTEIMMEUB,I,84.0,19901.25,30020.0,78000.0,2781.5,5993.0,10470.5
96771,33000,Arrondissement d'Ypres,Arrondissement Ieper,Bezirk Ypern,VENTEIMMEUB,IV,9.0,10000.0,10000.0,10000.0,153.0,410.0,1316.0
96772,33000,Arrondissement d'Ypres,Arrondissement Ieper,Bezirk Ypern,VENTEIMMEUB,V,97.0,20125.0,85000.0,243260.725,131.0,335.0,980.0
96773,33000,Arrondissement d'Ypres,Arrondissement Ieper,Bezirk Ypern,VENTEIMMEUB,VI,319.0,120750.0,183500.0,248000.0,176.0,313.5,584.0
96774,33000,Arrondissement d'Ypres,Arrondissement Ieper,Bezirk Ypern,VENTEIMMEUB,VII,9.0,335000.0,350000.0,600000.0,1472.5,3405.0,8434.0
96778,33000,Arrondissement d'Ypres,Arrondissement Ieper,Bezirk Ypern,VENTEIMMEUB,XI,14.0,123000.0,212500.0,255000.0,335.0,433.0,833.0
96784,33000,Arrondissement d'Ypres,Arrondissement Ieper,Bezirk Ypern,VENTEIMMEUB,XVII,21.0,130000.0,263300.0,340000.0,45.0,522.0,2042.0
96804,33000,Arrondissement d'Ypres,Arrondissement Ieper,Bezirk Ypern,TOTAL,I,438.0,18000.0,35040.0,65000.0,2976.0,6154.0,10840.0
96807,33000,Arrondissement d'Ypres,Arrondissement Ieper,Bezirk Ypern,TOTAL,IV,22.0,5250.0,7625.0,10000.0,153.0,271.0,625.0
96808,33000,Arrondissement d'Ypres,Arrondissement Ieper,Bezirk Ypern,TOTAL,V,170.0,18000.0,80000.0,238470.0,163.0,366.0,1569.0
96809,33000,Arrondissement d'Ypres,Arrondissement Ieper,Bezirk Ypern,TOTAL,VI,711.0,110000.0,170000.0,239000.0,210.0,390.0,694.0
96810,33000,Arrondissement d'Ypres,Arrondissement Ieper,Bezirk Ypern,TOTAL,VII,34.0,88350.0,217500.0,342500.0,647.5,1706.0,4299.5
96813,33000,Arrondissement d'Ypres,Arrondissement Ieper,Bezirk Ypern,TOTAL,X,6.0,150000.0,522500.0,895000.0,1275.0,2541.0,2880.0
96814,33000,Arrondissement d'Ypres,Arrondissement Ieper,Bezirk Ypern,TOTAL,XI,37.0,149000.0,212500.0,260000.0,173.5,398.0,657.5
96817,33000,Arrondissement d'Ypres,Arrondissement Ieper,Bezirk Ypern,TOTAL,XIV,5.0,400000.0,400000.0,400000.0,5.0,310.0,1198.0
96820,33000,Arrondissement d'Ypres,Arrondissement Ieper,Bezirk Ypern,TOTAL,XVII,39.0,40000.0,130000.0,315000.0,185.0,1047.0,3455.0
96821,33000,Arrondissement d'Ypres,Arrondissement Ieper,Bezirk Ypern,TOTAL,XVIII,18.0,7200.0,7200.0,7200.0,360.0,470.0,716.0
96822,34000,Arrondissement de Courtrai,Arrondissement Kortrijk,Bezirk Kortrijk,CESSION,I,13.0,11875.0,52556.49,93237.98,1605.0,6522.0,11495.0
96827,34000,Arrondissement de Courtrai,Arrondissement Kortrijk,Bezirk Kortrijk,CESSION,VI,76.0,130000.0,175000.0,245000.0,197.5,322.0,577.5
96858,34000,Arrondissement de Courtrai,Arrondissement Kortrijk,Bezirk Kortrijk,DONATIMMEUB,I,56.0,100000.0,159200.0,218400.0,1348.5,4625.0,8867.5
96862,34000,Arrondissement de Courtrai,Arrondissement Kortrijk,Bezirk Kortrijk,DONATIMMEUB,V,7.0,5775.0,210000.0,250000.0,37.0,1000.0,2700.0
96863,34000,Arrondissement de Courtrai,Arrondissement Kortrijk,Bezirk Kortrijk,DONATIMMEUB,VI,126.0,157500.0,200000.0,260000.0,240.0,443.0,786.0
96864,34000,Arrondissement de Courtrai,Arrondissement Kortrijk,Bezirk Kortrijk,DONATIMMEUB,VII,5.0,57000.0,128500.0,200000.0,633.0,2000.0,2318.0
96868,34000,Arrondissement de Courtrai,Arrondissement Kortrijk,Bezirk Kortrijk,DONATIMMEUB,XI,7.0,22675.0,41337.5,60000.0,140.0,300.0,907.0
96874,34000,Arrondissement de Courtrai,Arrondissement Kortrijk,Bezirk Kortrijk,DONATIMMEUB,XVII,6.0,38880.0,175000.0,175000.0,263.0,600.0,1165.0
96880,34000,Arrondissement de Courtrai,Arrondissement Kortrijk,Bezirk Kortrijk,OTHER,V,52.0,12600.0,14689.5,17500.0,255.5,491.5,1896.0
96881,34000,Arrondissement de Courtrai,Arrondissement Kortrijk,Bezirk Kortrijk,OTHER,VI,236.0,175000.0,207500.0,280000.0,229.0,401.0,727.0
96882,34000,Arrondissement de Courtrai,Arrondissement Kortrijk,Bezirk Kortrijk,OTHER,VII,6.0,180000.0,180000.0,180000.0,520.0,5118.5,15884.0
96886,34000,Arrondissement de Courtrai,Arrondissement Kortrijk,Bezirk Kortrijk,OTHER,XI,14.0,152039.68,152039.68,152039.68,200.0,454.0,1040.0
96892,34000,Arrondissement de Courtrai,Arrondissement Kortrijk,Bezirk Kortrijk,OTHER,XVII,33.0,50.0,32400.0,835000.0,172.0,418.5,2307.0
96899,34000,Arrondissement de Courtrai,Arrondissement Kortrijk,Bezirk Kortrijk,PARTAGE,VI,17.0,100000.0,230000.0,270000.0,282.0,368.0,657.0
96912,34000,Arrondissement de Courtrai,Arrondissement Kortrijk,Bezirk Kortrijk,SUCCNALAT,I,102.0,3580.0,26196.25,40830.0,1220.0,4264.0,8574.0
96915,34000,Arrondissement de Courtrai,Arrondissement Kortrijk,Bezirk Kortrijk,SUCCNALAT,IV,18.0,250.0,625.0,2090.0,210.0,295.5,790.0
96916,34000,Arrondissement de Courtrai,Arrondissement Kortrijk,Bezirk Kortrijk,SUCCNALAT,V,20.0,16320.0,120000.0,160000.0,268.0,562.0,874.0
96917,34000,Arrondissement de Courtrai,Arrondissement Kortrijk,Bezirk Kortrijk,SUCCNALAT,VI,506.0,140000.0,180000.0,245000.0,219.0,374.0,661.0
96918,34000,Arrondissement de Courtrai,Arrondissement Kortrijk,Bezirk Kortrijk,SUCCNALAT,VII,16.0,68050.0,174375.0,225000.0,456.0,1930.0,3527.0
96922,34000,Arrondissement de Courtrai,Arrondissement Kortrijk,Bezirk Kortrijk,SUCCNALAT,XI,19.0,160000.0,185000.0,275000.0,135.0,234.0,490.0
96928,34000,Arrondissement de Courtrai,Arrondissement Kortrijk,Bezirk Kortrijk,SUCCNALAT,XVII,5.0,66932.13,66932.13,66932.13,600.0,1090.0,1155.0
96930,34000,Arrondissement de Courtrai,Arrondissement Kortrijk,Bezirk Kortrijk,VENTEIMMEUB,I,116.0,17412.5,54505.0,112500.0,1060.0,4235.0,8099.0
96934,34000,Arrondissement de Courtrai,Arrondissement Kortrijk,Bezirk Kortrijk,VENTEIMMEUB,V,329.0,97577.5,220382.5,267965.705,18.0,198.0,409.0
96935,34000,Arrondissement de Courtrai,Arrondissement Kortrijk,Bezirk Kortrijk,VENTEIMMEUB,VI,1266.0,133500.0,185000.0,257500.0,169.0,303.0,508.0
96936,34000,Arrondissement de Courtrai,Arrondissement Kortrijk,Bezirk Kortrijk,VENTEIMMEUB,VII,6.0,540050.0,540050.0,540050.0,1200.0,2410.5,3553.0
96940,34000,Arrondissement de Courtrai,Arrondissement Kortrijk,Bezirk Kortrijk,VENTEIMMEUB,XI,83.0,165000.0,224000.0,370000.0,130.0,294.0,667.0
96946,34000,Arrondissement de Courtrai,Arrondissement Kortrijk,Bezirk Kortrijk,VENTEIMMEUB,XVII,75.0,35000.0,192000.0,270000.0,200.0,886.5,1659.0
96953,34000,Arrondissement de Courtrai,Arrondissement Kortrijk,Bezirk Kortrijk,VENTEPUBIMMEUB,VI,10.0,97750.0,106500.0,172500.0,201.0,237.5,384.0
96958,34000,Arrondissement de Courtrai,Arrondissement Kortrijk,Bezirk Kortrijk,VENTEPUBIMMEUB,XI,5.0,124000.0,171200.0,178000.0,98.0,140.0,200.0
96966,34000,Arrondissement de Courtrai,Arrondissement Kortrijk,Bezirk Kortrijk,TOTAL,I,341.0,13713.25,34465.0,100500.0,1342.0,4258.0,8424.0
96969,34000,Arrondissement de Courtrai,Arrondissement Kortrijk,Bezirk Kortrijk,TOTAL,IV,54.0,250.0,625.0,2090.0,210.0,290.5,613.5
96970,34000,Arrondissement de Courtrai,Arrondissement Kortrijk,Bezirk Kortrijk,TOTAL,V,422.0,58500.0,215750.0,261841.72,24.0,246.5,554.0
96971,34000,Arrondissement de Courtrai,Arrondissement Kortrijk,Bezirk Kortrijk,TOTAL,VI,2329.0,135000.0,184000.0,252500.0,196.5,337.0,610.0
96972,34000,Arrondissement de Courtrai,Arrondissement Kortrijk,Bezirk Kortrijk,TOTAL,VII,38.0,68050.0,180000.0,225000.0,633.0,2120.0,3891.0
96973,34000,Arrondissement de Courtrai,Arrondissement Kortrijk,Bezirk Kortrijk,TOTAL,VIII,11.0,40000.0,1520000.0,3000000.0,531.0,1794.0,12902.0
96975,34000,Arrondissement de Courtrai,Arrondissement Kortrijk,Bezirk Kortrijk,TOTAL,X,6.0,1650000.0,1650000.0,1650000.0,3957.0,6603.5,8565.0
96976,34000,Arrondissement de Courtrai,Arrondissement Kortrijk,Bezirk Kortrijk,TOTAL,XI,135.0,155000.0,195000.0,300000.0,162.0,290.0,712.0
96982,34000,Arrondissement de Courtrai,Arrondissement Kortrijk,Bezirk Kortrijk,TOTAL,XVII,127.0,35000.0,175000.0,237280.0,230.0,962.5,1705.0
96983,34000,Arrondissement de Courtrai,Arrondissement Kortrijk,Bezirk Kortrijk,TOTAL,XVIII,14.0,279000.0,279000.0,279000.0,163.0,989.0,1550.0
96988,35000,Arrondissement d'Ostende,Arrondissement Oostende,Bezirk Ostende,CESSION,V,6.0,20000.0,135000.0,250000.0,192.0,1098.5,13345.0
96989,35000,Arrondissement d'Ostende,Arrondissement Oostende,Bezirk Ostende,CESSION,VI,97.0,36276.185,114809.375,237500.0,165.0,284.0,632.5
96994,35000,Arrondissement d'Ostende,Arrondissement Oostende,Bezirk Ostende,CESSION,XI,5.0,50000.0,50000.0,50000.0,169.0,313.0,457.0
97025,35000,Arrondissement d'Ostende,Arrondissement Oostende,Bezirk Ostende,DONATIMMEUB,VI,167.0,125000.0,190000.0,250000.0,150.0,316.5,594.0
97038,35000,Arrondissement d'Ostende,Arrondissement Oostende,Bezirk Ostende,OTHER,I,47.0,42514.5,55620.0,82002.0,364.0,2980.0,18097.0
97042,35000,Arrondissement d'Ostende,Arrondissement Oostende,Bezirk Ostende,OTHER,V,235.0,10000.0,12500.0,15000.0,229.0,322.0,393.0
97043,35000,Arrondissement d'Ostende,Arrondissement Oostende,Bezirk Ostende,OTHER,VI,260.0,120000.0,200000.0,275000.0,167.0,284.0,566.0
97048,35000,Arrondissement d'Ostende,Arrondissement Oostende,Bezirk Ostende,OTHER,XI,15.0,150000.0,200000.0,240000.0,115.0,142.0,293.0
97061,35000,Arrondissement d'Ostende,Arrondissement Oostende,Bezirk Ostende,PARTAGE,VI,23.0,93681.41,197500.0,297500.0,191.0,409.0,692.0
97074,35000,Arrondissement d'Ostende,Arrondissement Oostende,Bezirk Ostende,SUCCNALAT,I,122.0,3850.0,6600.0,21150.0,2170.0,4035.0,7270.0
97077,35000,Arrondissement d'Ostende,Arrondissement Oostende,Bezirk Ostende,SUCCNALAT,IV,8.0,2500.0,10000.0,75000.0,12.5,13.0,254.0
97078,35000,Arrondissement d'Ostende,Arrondissement Oostende,Bezirk Ostende,SUCCNALAT,V,13.0,90000.0,90000.0,90000.0,147.0,449.0,822.0
97079,35000,Arrondissement d'Ostende,Arrondissement Oostende,Bezirk Ostende,SUCCNALAT,VI,492.0,92500.0,150000.0,245000.0,154.0,312.0,600.0
97080,35000,Arrondissement d'Ostende,Arrondissement Oostende,Bezirk Ostende,SUCCNALAT,VII,7.0,45000.0,280000.0,350000.0,1364.0,2022.0,10484.0
97088,35000,Arrondissement d'Ostende,Arrondissement Oostende,Bezirk Ostende,SUCCNALAT,XV,8.0,75000.0,135000.0,150000.0,119.0,173.5,483.0
97092,35000,Arrondissement d'Ostende,Arrondissement Oostende,Bezirk Ostende,VENTEIMMEUB,I,22.0,15650.0,53944.0,189870.0,657.0,3886.0,10006.0
97096,35000,Arrondissement d'Ostende,Arrondissement Oostende,Bezirk Ostende,VENTEIMMEUB,V,144.0,160000.0,227500.0,262500.0,171.0,313.0,503.5
97097,35000,Arrondissement d'Ostende,Arrondissement Oostende,Bezirk Ostende,VENTEIMMEUB,VI,1279.0,100000.0,165000.0,250000.0,126.0,216.0,427.0
97099,35000,Arrondissement d'Ostende,Arrondissement Oostende,Bezirk Ostende,VENTEIMMEUB,VIII,5.0,200000.0,292500.0,385000.0,231.0,980.0,2316.0
97102,35000,Arrondissement d'Ostende,Arrondissement Oostende,Bezirk Ostende,VENTEIMMEUB,XI,31.0,175000.0,305000.0,487500.0,137.0,205.5,382.0
97106,35000,Arrondissement d'Ostende,Arrondissement Oostende,Bezirk Ostende,VENTEIMMEUB,XV,18.0,90000.0,90000.0,90000.0,154.0,184.0,243.0
97108,35000,Arrondissement d'Ostende,Arrondissement Oostende,Bezirk Ostende,VENTEIMMEUB,XVII,45.0,134000.0,221500.0,445000.0,156.0,349.0,2011.0
97115,35000,Arrondissement d'Ostende,Arrondissement Oostende,Bezirk Ostende,VENTEPUBIMMEUB,VI,11.0,77500.0,133250.0,239000.0,75.0,154.5,244.5
97128,35000,Arrondissement d'Ostende,Arrondissement Oostende,Bezirk Ostende,TOTAL,I,242.0,9000.0,35000.0,80271.0,1630.0,4360.0,10140.0
97131,35000,Arrondissement d'Ostende,Arrondissement Oostende,Bezirk Ostende,TOTAL,IV,32.0,2500.0,10000.0,75000.0,12.0,13.0,99.0
97132,35000,Arrondissement d'Ostende,Arrondissement Oostende,Bezirk Ostende,TOTAL,V,403.0,140000.0,225926.94,255000.0,208.0,322.0,498.0
97133,35000,Arrondissement d'Ostende,Arrondissement Oostende,Bezirk Ostende,TOTAL,VI,2388.0,99000.0,165000.0,250000.0,142.0,269.5,533.0
97134,35000,Arrondissement d'Ostende,Arrondissement Oostende,Bezirk Ostende,TOTAL,VII,17.0,156375.0,273875.0,315000.0,1071.0,2022.0,10484.0
97135,35000,Arrondissement d'Ostende,Arrondissement Oostende,Bezirk Ostende,TOTAL,VIII,7.0,200000.0,300000.0,385000.0,183.0,980.0,3760.0
97138,35000,Arrondissement d'Ostende,Arrondissement Oostende,Bezirk Ostende,TOTAL,XI,60.0,167500.0,249500.0,427500.0,119.0,193.0,439.0
97142,35000,Arrondissement d'Ostende,Arrondissement Oostende,Bezirk Ostende,TOTAL,XV,30.0,75000.0,125000.0,150000.0,147.0,181.0,243.0
97144,35000,Arrondissement d'Ostende,Arrondissement Oostende,Bezirk Ostende,TOTAL,XVII,74.0,128000.0,221500.0,450000.0,180.0,1232.0,2599.5
97145,35000,Arrondissement d'Ostende,Arrondissement Oostende,Bezirk Ostende,TOTAL,XVIII,12.0,253000.0,253000.0,253000.0,120.0,209.0,536.5
97150,36000,Arrondissement de Roulers,Arrondissement Roeselare,Bezirk Roeselare,CESSION,V,7.0,93358.84,93358.84,93358.84,258.0,516.0,1523.0
97151,36000,Arrondissement de Roulers,Arrondissement Roeselare,Bezirk Roeselare,CESSION,VI,64.0,83875.0,177500.0,265000.0,236.0,432.0,609.0
97182,36000,Arrondissement de Roulers,Arrondissement Roeselare,Bezirk Roeselare,DONATIMMEUB,I,37.0,191604.0,191604.0,191604.0,2120.0,4735.0,7248.0
97186,36000,Arrondissement de Roulers,Arrondissement Roeselare,Bezirk Roeselare,DONATIMMEUB,V,12.0,110000.0,250000.0,350000.01,458.0,903.5,2221.0
97187,36000,Arrondissement de Roulers,Arrondissement Roeselare,Bezirk Roeselare,DONATIMMEUB,VI,94.0,131350.0,162500.0,260000.0,211.0,465.5,927.0
97204,36000,Arrondissement de Roulers,Arrondissement Roeselare,Bezirk Roeselare,OTHER,V,53.0,1250.0,30886.9,60523.8,250.0,607.0,1984.0
97205,36000,Arrondissement de Roulers,Arrondissement Roeselare,Bezirk Roeselare,OTHER,VI,125.0,113625.0,193850.0,280000.0,244.0,411.0,726.5
97210,36000,Arrondissement de Roulers,Arrondissement Roeselare,Bezirk Roeselare,OTHER,XI,15.0,240000.0,270000.0,300000.0,215.0,450.0,829.0
97212,36000,Arrondissement de Roulers,Arrondissement Roeselare,Bezirk Roeselare,OTHER,XIII,5.0,25000.0,25000.0,25000.0,340.0,353.0,1714.0
97216,36000,Arrondissement de Roulers,Arrondissement Roeselare,Bezirk Roeselare,OTHER,XVII,15.0,12000.0,12000.0,12000.0,144.0,223.0,1435.0
97218,36000,Arrondissement de Roulers,Arrondissement Roeselare,Bezirk Roeselare,PARTAGE,I,6.0,54213.85,54213.85,54213.85,1930.0,6475.0,7290.0
97223,36000,Arrondissement de Roulers,Arrondissement Roeselare,Bezirk Roeselare,PARTAGE,VI,32.0,212500.0,247500.0,277500.0,195.0,260.0,681.0
97236,36000,Arrondissement de Roulers,Arrondissement Roeselare,Bezirk Roeselare,SUCCNALAT,I,80.0,11115.0,21777.5,33700.0,1662.5,3961.5,7193.0
97239,36000,Arrondissement de Roulers,Arrondissement Roeselare,Bezirk Roeselare,SUCCNALAT,IV,5.0,1355.0,1355.0,1355.0,178.0,271.0,280.0
97241,36000,Arrondissement de Roulers,Arrondissement Roeselare,Bezirk Roeselare,SUCCNALAT,VI,266.0,130000.0,170000.0,230000.0,222.0,411.5,747.0
97242,36000,Arrondissement de Roulers,Arrondissement Roeselare,Bezirk Roeselare,SUCCNALAT,VII,8.0,230000.0,260000.0,295000.0,1918.0,2428.0,2926.0
97246,36000,Arrondissement de Roulers,Arrondissement Roeselare,Bezirk Roeselare,SUCCNALAT,XI,5.0,134000.0,157500.0,212184.5,417.0,1086.0,1204.0
97252,36000,Arrondissement de Roulers,Arrondissement Roeselare,Bezirk Roeselare,SUCCNALAT,XVII,5.0,5675.0,100000.0,150000.0,1135.0,1200.0,1334.0
97254,36000,Arrondissement de Roulers,Arrondissement Roeselare,Bezirk Roeselare,VENTEIMMEUB,I,48.0,15000.0,36000.0,100000.0,1769.0,3945.0,6750.0
97257,36000,Arrondissement de Roulers,Arrondissement Roeselare,Bezirk Roeselare,VENTEIMMEUB,IV,7.0,5000.0,5000.0,5000.0,138.0,159.0,168.0
97258,36000,Arrondissement de Roulers,Arrondissement Roeselare,Bezirk Roeselare,VENTEIMMEUB,V,179.0,81600.0,223445.5,265890.825,194.0,308.0,641.0
97259,36000,Arrondissement de Roulers,Arrondissement Roeselare,Bezirk Roeselare,VENTEIMMEUB,VI,623.0,144000.0,198000.0,260000.0,177.0,327.5,571.5
97260,36000,Arrondissement de Roulers,Arrondissement Roeselare,Bezirk Roeselare,VENTEIMMEUB,VII,6.0,21000.0,152500.0,431000.0,1329.0,2232.5,4779.0
97264,36000,Arrondissement de Roulers,Arrondissement Roeselare,Bezirk Roeselare,VENTEIMMEUB,XI,34.0,166500.0,207000.0,396500.0,190.0,247.0,634.0
97270,36000,Arrondissement de Roulers,Arrondissement Roeselare,Bezirk Roeselare,VENTEIMMEUB,XVII,66.0,94040.0,125500.0,237500.0,216.0,315.5,657.0
97290,36000,Arrondissement de Roulers,Arrondissement Roeselare,Bezirk Roeselare,TOTAL,I,209.0,13707.5,25000.0,43301.0,1818.0,4090.0,7290.0
97292,36000,Arrondissement de Roulers,Arrondissement Roeselare,Bezirk Roeselare,TOTAL,III,5.0,88967.7,189918.9,548600.0,989.0,1507.0,2110.0
97293,36000,Arrondissement de Roulers,Arrondissement Roeselare,Bezirk Roeselare,TOTAL,IV,27.0,1355.0,3177.5,5000.0,140.0,228.0,682.0
97294,36000,Arrondissement de Roulers,Arrondissement Roeselare,Bezirk Roeselare,TOTAL,V,262.0,78024.0,218733.0,265050.0,208.0,353.5,891.0
97295,36000,Arrondissement de Roulers,Arrondissement Roeselare,Bezirk Roeselare,TOTAL,VI,1251.0,135000.0,185000.0,260000.0,206.0,384.0,683.0
97296,36000,Arrondissement de Roulers,Arrondissement Roeselare,Bezirk Roeselare,TOTAL,VII,27.0,180000.0,260000.0,295000.0,1329.0,2396.0,3008.0
97297,36000,Arrondissement de Roulers,Arrondissement Roeselare,Bezirk Roeselare,TOTAL,VIII,8.0,27281.25,74921.405,324921.405,708.0,2105.0,3016.0
97300,36000,Arrondissement de Roulers,Arrondissement Roeselare,Bezirk Roeselare,TOTAL,XI,64.0,163000.0,210000.0,287000.0,200.5,298.0,697.0
97302,36000,Arrondissement de Roulers,Arrondissement Roeselare,Bezirk Roeselare,TOTAL,XIII,5.0,25000.0,25000.0,25000.0,340.0,353.0,1714.0
97306,36000,Arrondissement de Roulers,Arrondissement Roeselare,Bezirk Roeselare,TOTAL,XVII,98.0,80000.0,120000.0,210000.0,115.0,296.0,1135.0
97313,37000,Arrondissement de Tielt,Arrondissement Tielt,Bezirk Tielt,CESSION,VI,22.0,135000.0,218500.0,270000.0,480.0,581.0,971.0
97344,37000,Arrondissement de Tielt,Arrondissement Tielt,Bezirk Tielt,DONATIMMEUB,I,43.0,14635.0,57317.5,100000.0,2927.0,5100.0,7790.0
97348,37000,Arrondissement de Tielt,Arrondissement Tielt,Bezirk Tielt,DONATIMMEUB,V,11.0,230000.0,230000.0,230000.0,221.0,759.0,931.0
97349,37000,Arrondissement de Tielt,Arrondissement Tielt,Bezirk Tielt,DONATIMMEUB,VI,34.0,150000.0,210000.0,300000.0,266.0,587.0,1279.0
97362,37000,Arrondissement de Tielt,Arrondissement Tielt,Bezirk Tielt,OTHER,I,17.0,29500.0,29500.0,29500.0,1540.0,5666.0,10518.0
97366,37000,Arrondissement de Tielt,Arrondissement Tielt,Bezirk Tielt,OTHER,V,108.0,7500.0,10000.0,27000.0,143.0,262.5,426.0
97367,37000,Arrondissement de Tielt,Arrondissement Tielt,Bezirk Tielt,OTHER,VI,58.0,145000.0,207500.0,293626.48,317.5,578.5,1054.5
97368,37000,Arrondissement de Tielt,Arrondissement Tielt,Bezirk Tielt,OTHER,VII,8.0,222000.0,222000.0,222000.0,3345.0,5670.5,6550.0
97378,37000,Arrondissement de Tielt,Arrondissement Tielt,Bezirk Tielt,OTHER,XVII,13.0,60000.0,60000.0,60000.0,21.0,21.0,314.0
97385,37000,Arrondissement de Tielt,Arrondissement Tielt,Bezirk Tielt,PARTAGE,VI,12.0,93730.25,264000.0,265000.0,397.0,678.5,1010.5
97398,37000,Arrondissement de Tielt,Arrondissement Tielt,Bezirk Tielt,SUCCNALAT,I,101.0,24800.0,50600.0,104985.0,2500.0,4410.0,8110.0
97403,37000,Arrondissement de Tielt,Arrondissement Tielt,Bezirk Tielt,SUCCNALAT,VI,151.0,150000.0,200000.0,247000.0,280.0,545.5,1058.0
97404,37000,Arrondissement de Tielt,Arrondissement Tielt,Bezirk Tielt,SUCCNALAT,VII,7.0,150000.0,230000.0,380000.0,1513.0,2759.0,3840.0
97408,37000,Arrondissement de Tielt,Arrondissement Tielt,Bezirk Tielt,SUCCNALAT,XI,7.0,230000.0,235000.0,335000.0,265.0,400.0,834.0
97416,37000,Arrondissement de Tielt,Arrondissement Tielt,Bezirk Tielt,VENTEIMMEUB,I,80.0,27000.0,72500.0,159900.0,1830.0,3370.0,6457.0
97420,37000,Arrondissement de Tielt,Arrondissement Tielt,Bezirk Tielt,VENTEIMMEUB,V,154.0,25540.0,117387.5,231025.0,176.0,364.5,1077.0
97421,37000,Arrondissement de Tielt,Arrondissement Tielt,Bezirk Tielt,VENTEIMMEUB,VI,319.0,152650.0,209250.0,286500.0,244.0,462.0,811.0
97422,37000,Arrondissement de Tielt,Arrondissement Tielt,Bezirk Tielt,VENTEIMMEUB,VII,5.0,25000.0,150000.0,280000.0,2906.0,3465.0,3623.0
97426,37000,Arrondissement de Tielt,Arrondissement Tielt,Bezirk Tielt,VENTEIMMEUB,XI,16.0,160000.0,325000.0,425000.0,174.0,606.0,1026.0
97432,37000,Arrondissement de Tielt,Arrondissement Tielt,Bezirk Tielt,VENTEIMMEUB,XVII,22.0,16651.0,300000.0,500000.0,17.0,322.0,874.0
97439,37000,Arrondissement de Tielt,Arrondissement Tielt,Bezirk Tielt,VENTEPUBIMMEUB,VI,5.0,125000.0,163500.0,202000.0,174.0,293.0,507.0
97452,37000,Arrondissement de Tielt,Arrondissement Tielt,Bezirk Tielt,TOTAL,I,269.0,24800.0,56287.0,120000.0,2250.0,4340.0,7840.0
97454,37000,Arrondissement de Tielt,Arrondissement Tielt,Bezirk Tielt,TOTAL,III,6.0,61665.0,136291.5,300501.5,962.0,3620.5,9982.0
97455,37000,Arrondissement de Tielt,Arrondissement Tielt,Bezirk Tielt,TOTAL,IV,8.0,600.0,600.0,600.0,79.5,174.0,322.5
97456,37000,Arrondissement de Tielt,Arrondissement Tielt,Bezirk Tielt,TOTAL,V,285.0,25000.0,113712.5,230000.0,176.0,323.0,887.0
97457,37000,Arrondissement de Tielt,Arrondissement Tielt,Bezirk Tielt,TOTAL,VI,625.0,150000.0,205000.0,275000.0,280.0,556.5,944.0
97458,37000,Arrondissement de Tielt,Arrondissement Tielt,Bezirk Tielt,TOTAL,VII,33.0,150000.0,222000.0,280000.0,834.0,2959.0,4223.0
97462,37000,Arrondissement de Tielt,Arrondissement Tielt,Bezirk Tielt,TOTAL,XI,26.0,160000.0,286250.0,395000.0,248.0,606.0,1070.0
97468,37000,Arrondissement de Tielt,Arrondissement Tielt,Bezirk Tielt,TOTAL,XVII,40.0,40000.0,300000.0,440000.0,21.0,271.0,779.0
97474,38000,Arrondissement de Furnes,Arrondissement Veurne,Bezirk Veurne,CESSION,V,5.0,68950.0,68950.0,68950.0,253.0,348.0,579.0
97475,38000,Arrondissement de Furnes,Arrondissement Veurne,Bezirk Veurne,CESSION,VI,64.0,30163.0,106666.665,180221.665,276.0,518.0,885.0
97506,38000,Arrondissement de Furnes,Arrondissement Veurne,Bezirk Veurne,DONATIMMEUB,I,34.0,39044.0,39044.0,39044.0,5616.0,9709.5,20488.0
97510,38000,Arrondissement de Furnes,Arrondissement Veurne,Bezirk Veurne,DONATIMMEUB,V,7.0,9040.0,10400.0,73144.0,29.0,351.0,600.0
97511,38000,Arrondissement de Furnes,Arrondissement Veurne,Bezirk Veurne,DONATIMMEUB,VI,162.0,125000.0,200000.0,320000.0,130.0,319.5,589.0
97529,38000,Arrondissement de Furnes,Arrondissement Veurne,Bezirk Veurne,OTHER,VI,174.0,35000.0,100000.0,196000.0,239.0,525.0,866.0
97560,38000,Arrondissement de Furnes,Arrondissement Veurne,Bezirk Veurne,SUCCNALAT,I,43.0,82731.0,112702.5,240040.0,5204.0,10578.0,16140.0
97563,38000,Arrondissement de Furnes,Arrondissement Veurne,Bezirk Veurne,SUCCNALAT,IV,6.0,600.0,1550.0,2500.0,10.0,11.0,58.0
97564,38000,Arrondissement de Furnes,Arrondissement Veurne,Bezirk Veurne,SUCCNALAT,V,17.0,180.0,10696.0,225000.0,36.0,505.0,1105.0
97565,38000,Arrondissement de Furnes,Arrondissement Veurne,Bezirk Veurne,SUCCNALAT,VI,321.0,60000.0,145000.0,225000.0,224.0,423.5,735.0
97566,38000,Arrondissement de Furnes,Arrondissement Veurne,Bezirk Veurne,SUCCNALAT,VII,9.0,250000.0,287500.0,325000.0,621.0,1253.0,3518.0
97574,38000,Arrondissement de Furnes,Arrondissement Veurne,Bezirk Veurne,SUCCNALAT,XV,11.0,22000.0,30000.0,100000.0,101.0,128.0,207.0
97578,38000,Arrondissement de Furnes,Arrondissement Veurne,Bezirk Veurne,VENTEIMMEUB,I,30.0,23000.0,45000.0,66600.0,4100.0,8088.5,17520.0
97581,38000,Arrondissement de Furnes,Arrondissement Veurne,Bezirk Veurne,VENTEIMMEUB,IV,9.0,330000.0,330000.0,330000.0,10.0,11.0,65.0
97582,38000,Arrondissement de Furnes,Arrondissement Veurne,Bezirk Veurne,VENTEIMMEUB,V,67.0,58500.0,201550.0,324235.87,130.0,282.0,492.0
97583,38000,Arrondissement de Furnes,Arrondissement Veurne,Bezirk Veurne,VENTEIMMEUB,VI,776.0,75000.0,170000.0,260000.0,155.0,308.5,605.0
97588,38000,Arrondissement de Furnes,Arrondissement Veurne,Bezirk Veurne,VENTEIMMEUB,XI,19.0,165000.0,210000.0,310000.0,133.0,229.0,498.0
97592,38000,Arrondissement de Furnes,Arrondissement Veurne,Bezirk Veurne,VENTEIMMEUB,XV,15.0,77500.0,140500.0,180500.0,101.0,160.0,212.0
97594,38000,Arrondissement de Furnes,Arrondissement Veurne,Bezirk Veurne,VENTEIMMEUB,XVII,26.0,65000.0,236250.0,359000.0,20.0,204.0,229.0
97601,38000,Arrondissement de Furnes,Arrondissement Veurne,Bezirk Veurne,VENTEPUBIMMEUB,VI,10.0,44000.0,150250.0,251850.0,469.5,787.0,1068.5
97614,38000,Arrondissement de Furnes,Arrondissement Veurne,Bezirk Veurne,TOTAL,I,186.0,40000.0,82731.0,210341.0,4350.0,9029.0,17103.0
97617,38000,Arrondissement de Furnes,Arrondissement Veurne,Bezirk Veurne,TOTAL,IV,32.0,600.0,2500.0,330000.0,11.0,11.5,580.5
97618,38000,Arrondissement de Furnes,Arrondissement Veurne,Bezirk Veurne,TOTAL,V,144.0,13000.0,179850.0,309384.28,196.5,414.5,1283.0
97619,38000,Arrondissement de Furnes,Arrondissement Veurne,Bezirk Veurne,TOTAL,VI,1579.0,70000.0,160000.0,250000.0,187.0,368.0,698.0
97620,38000,Arrondissement de Furnes,Arrondissement Veurne,Bezirk Veurne,TOTAL,VII,17.0,172500.0,222500.0,287500.0,735.0,1253.0,3665.0
97624,38000,Arrondissement de Furnes,Arrondissement Veurne,Bezirk Veurne,TOTAL,XI,36.0,165000.0,210000.0,310000.0,150.0,351.0,619.0
97628,38000,Arrondissement de Furnes,Arrondissement Veurne,Bezirk Veurne,TOTAL,XV,37.0,27500.0,60000.0,117500.0,101.0,160.0,224.0
97630,38000,Arrondissement de Furnes,Arrondissement Veurne,Bezirk Veurne,TOTAL,XVII,32.0,37440.0,231250.0,359000.0,20.0,213.0,50790.0
97632,41000,Arrondissement d'Alost,Arrondissement Aalst,Bezirk Aalst,CESSION,I,63.0,500.0,4031.0,139900.0,1310.0,3182.0,5231.0
97636,41000,Arrondissement d'Alost,Arrondissement Aalst,Bezirk Aalst,CESSION,V,31.0,708.42,144000.0,318000.0,70.0,526.0,1377.0
97637,41000,Arrondissement d'Alost,Arrondissement Aalst,Bezirk Aalst,CESSION,VI,81.0,161000.0,230000.0,272500.0,180.0,431.0,808.0
97668,41000,Arrondissement d'Alost,Arrondissement Aalst,Bezirk Aalst,DONATIMMEUB,I,176.0,90000.0,100000.0,200000.0,1418.5,2355.0,4628.5
97672,41000,Arrondissement d'Alost,Arrondissement Aalst,Bezirk Aalst,DONATIMMEUB,V,22.0,75000.0,142000.0,150000.0,417.0,919.5,1397.0
97673,41000,Arrondissement d'Alost,Arrondissement Aalst,Bezirk Aalst,DONATIMMEUB,VI,153.0,127500.0,200000.0,272500.0,160.0,424.0,898.0
97686,41000,Arrondissement d'Alost,Arrondissement Aalst,Bezirk Aalst,OTHER,I,186.0,3000.0,58852.5,114705.0,860.0,1595.0,2688.0
97690,41000,Arrondissement d'Alost,Arrondissement Aalst,Bezirk Aalst,OTHER,V,128.0,33000.0,33000.0,33000.0,165.0,242.0,486.5
97691,41000,Arrondissement d'Alost,Arrondissement Aalst,Bezirk Aalst,OTHER,VI,270.0,170000.0,242000.0,300000.0,225.0,540.0,878.0
97696,41000,Arrondissement d'Alost,Arrondissement Aalst,Bezirk Aalst,OTHER,XI,32.0,180000.0,405083.75,630167.5,240.0,382.5,844.5
97703,41000,Arrondissement d'Alost,Arrondissement Aalst,Bezirk Aalst,OTHER,XVIII,8.0,1500.0,1500.0,1500.0,370.0,791.0,810.0
97704,41000,Arrondissement d'Alost,Arrondissement Aalst,Bezirk Aalst,PARTAGE,I,31.0,3000.0,3000.0,3000.0,740.0,2630.0,4520.0
97709,41000,Arrondissement d'Alost,Arrondissement Aalst,Bezirk Aalst,PARTAGE,VI,20.0,171500.0,235000.0,261439.5,302.0,454.0,837.0
97722,41000,Arrondissement d'Alost,Arrondissement Aalst,Bezirk Aalst,SUCCNALAT,I,591.0,2730.0,6410.0,15050.0,990.0,1860.0,3208.0
97725,41000,Arrondissement d'Alost,Arrondissement Aalst,Bezirk Aalst,SUCCNALAT,IV,17.0,303.75,525.0,846.0,100.0,200.0,466.0
97726,41000,Arrondissement d'Alost,Arrondissement Aalst,Bezirk Aalst,SUCCNALAT,V,30.0,62000.0,100000.0,135000.0,247.0,622.5,1303.0
97727,41000,Arrondissement d'Alost,Arrondissement Aalst,Bezirk Aalst,SUCCNALAT,VI,578.0,122500.0,180000.0,235000.0,185.5,385.0,727.0
97728,41000,Arrondissement d'Alost,Arrondissement Aalst,Bezirk Aalst,SUCCNALAT,VII,13.0,200000.0,250000.0,270000.0,967.0,1366.0,2720.0
97732,41000,Arrondissement d'Alost,Arrondissement Aalst,Bezirk Aalst,SUCCNALAT,XI,15.0,159400.0,205350.0,287500.0,95.0,306.0,630.0
97740,41000,Arrondissement d'Alost,Arrondissement Aalst,Bezirk Aalst,VENTEIMMEUB,I,283.0,4000.0,9415.0,18756.0,730.0,1560.0,3070.0
97744,41000,Arrondissement d'Alost,Arrondissement Aalst,Bezirk Aalst,VENTEIMMEUB,V,255.0,7150.0,105000.0,170000.0,151.0,345.0,615.0
97745,41000,Arrondissement d'Alost,Arrondissement Aalst,Bezirk Aalst,VENTEIMMEUB,VI,1274.0,140000.0,198250.0,265000.0,166.0,330.0,612.0
97746,41000,Arrondissement d'Alost,Arrondissement Aalst,Bezirk Aalst,VENTEIMMEUB,VII,13.0,40921.25,119500.0,375000.0,373.0,1189.0,1650.0
97747,41000,Arrondissement d'Alost,Arrondissement Aalst,Bezirk Aalst,VENTEIMMEUB,VIII,7.0,50000.0,484000.0,2000000.0,1097.0,1690.0,9306.0
97750,41000,Arrondissement d'Alost,Arrondissement Aalst,Bezirk Aalst,VENTEIMMEUB,XI,41.0,140000.0,255000.0,365000.0,128.5,199.0,314.0
97756,41000,Arrondissement d'Alost,Arrondissement Aalst,Bezirk Aalst,VENTEIMMEUB,XVII,19.0,30300.0,207000.0,340000.0,42.0,234.0,756.0
97758,41000,Arrondissement d'Alost,Arrondissement Aalst,Bezirk Aalst,VENTEPUBIMMEUB,I,30.0,19910.0,19910.0,19910.0,1040.0,1605.0,3140.0
97763,41000,Arrondissement d'Alost,Arrondissement Aalst,Bezirk Aalst,VENTEPUBIMMEUB,VI,30.0,84000.0,95000.0,135000.0,152.0,325.0,380.0
97776,41000,Arrondissement d'Alost,Arrondissement Aalst,Bezirk Aalst,TOTAL,I,1379.0,3000.0,7200.0,16520.0,948.0,1860.0,3310.0
97778,41000,Arrondissement d'Alost,Arrondissement Aalst,Bezirk Aalst,TOTAL,III,9.0,915000.0,915000.0,915000.0,728.0,1880.0,1989.0
97779,41000,Arrondissement d'Alost,Arrondissement Aalst,Bezirk Aalst,TOTAL,IV,27.0,303.75,525.0,846.0,70.0,221.0,610.0
97780,41000,Arrondissement d'Alost,Arrondissement Aalst,Bezirk Aalst,TOTAL,V,492.0,11900.0,105000.0,159000.0,168.0,346.5,690.0
97781,41000,Arrondissement d'Alost,Arrondissement Aalst,Bezirk Aalst,TOTAL,VI,2465.0,139000.0,198000.0,260000.0,181.0,370.0,716.0
97782,41000,Arrondissement d'Alost,Arrondissement Aalst,Bezirk Aalst,TOTAL,VII,39.0,79000.0,200000.0,270000.0,475.0,1308.5,2720.0
97783,41000,Arrondissement d'Alost,Arrondissement Aalst,Bezirk Aalst,TOTAL,VIII,21.0,295000.0,484000.0,780086.62,200.0,1097.0,1690.0
97786,41000,Arrondissement d'Alost,Arrondissement Aalst,Bezirk Aalst,TOTAL,XI,96.0,155000.0,235000.0,358911.32,177.0,270.0,654.0
97787,41000,Arrondissement d'Alost,Arrondissement Aalst,Bezirk Aalst,TOTAL,XII,6.0,920000.0,920000.0,920000.0,1581.0,4781.5,7556.0
97789,41000,Arrondissement d'Alost,Arrondissement Aalst,Bezirk Aalst,TOTAL,XIV,6.0,325000.0,325000.0,325000.0,10.0,82.5,1880.0
97790,41000,Arrondissement d'Alost,Arrondissement Aalst,Bezirk Aalst,TOTAL,XV,11.0,115000.0,137500.0,160000.0,94.0,581.0,1020.0
97792,41000,Arrondissement d'Alost,Arrondissement Aalst,Bezirk Aalst,TOTAL,XVII,47.0,30300.0,155000.0,340000.0,125.0,316.0,787.0
97793,41000,Arrondissement d'Alost,Arrondissement Aalst,Bezirk Aalst,TOTAL,XVIII,12.0,1500.0,1500.0,1500.0,370.0,791.0,828.0
97794,42000,Arrondissement de Termonde,Arrondissement Dendermonde,Bezirk Dendermonde,CESSION,I,19.0,8500.0,21800.0,35100.0,2186.0,3391.0,8677.0
97798,42000,Arrondissement de Termonde,Arrondissement Dendermonde,Bezirk Dendermonde,CESSION,V,32.0,52274.4,145000.0,257500.0,62.0,238.0,1358.0
97799,42000,Arrondissement de Termonde,Arrondissement Dendermonde,Bezirk Dendermonde,CESSION,VI,59.0,150000.0,238000.0,291000.0,220.0,321.0,536.0
97830,42000,Arrondissement de Termonde,Arrondissement Dendermonde,Bezirk Dendermonde,DONATIMMEUB,I,84.0,5340.0,14000.0,25000.0,2181.0,4247.0,6675.5
97834,42000,Arrondissement de Termonde,Arrondissement Dendermonde,Bezirk Dendermonde,DONATIMMEUB,V,25.0,157500.0,178300.0,200800.0,450.0,610.0,949.0
97835,42000,Arrondissement de Termonde,Arrondissement Dendermonde,Bezirk Dendermonde,DONATIMMEUB,VI,131.0,125000.0,200000.0,260000.0,232.5,445.0,805.0
97836,42000,Arrondissement de Termonde,Arrondissement Dendermonde,Bezirk Dendermonde,DONATIMMEUB,VII,8.0,300000.0,335000.0,370000.0,1472.0,2196.0,2867.5
97852,42000,Arrondissement de Termonde,Arrondissement Dendermonde,Bezirk Dendermonde,OTHER,V,103.0,50.0,5025.0,10000.0,199.0,341.0,1154.0
97853,42000,Arrondissement de Termonde,Arrondissement Dendermonde,Bezirk Dendermonde,OTHER,VI,224.0,203250.0,260000.0,342500.0,230.0,431.0,847.0
97858,42000,Arrondissement de Termonde,Arrondissement Dendermonde,Bezirk Dendermonde,OTHER,XI,16.0,279958.92,279958.92,279958.92,221.0,349.0,1091.0
97864,42000,Arrondissement de Termonde,Arrondissement Dendermonde,Bezirk Dendermonde,OTHER,XVII,8.0,4166.0,4166.0,4166.0,33.5,78.5,731.0
97866,42000,Arrondissement de Termonde,Arrondissement Dendermonde,Bezirk Dendermonde,PARTAGE,I,33.0,11375.0,11375.0,11375.0,3010.0,3830.0,5560.0
97871,42000,Arrondissement de Termonde,Arrondissement Dendermonde,Bezirk Dendermonde,PARTAGE,VI,15.0,24635.26,223000.0,240000.0,207.5,278.0,527.5
97884,42000,Arrondissement de Termonde,Arrondissement Dendermonde,Bezirk Dendermonde,SUCCNALAT,I,237.0,5500.0,11022.5,26690.0,1515.0,2758.0,5010.0
97887,42000,Arrondissement de Termonde,Arrondissement Dendermonde,Bezirk Dendermonde,SUCCNALAT,IV,10.0,125.0,125.0,125.0,61.0,203.0,430.0
97888,42000,Arrondissement de Termonde,Arrondissement Dendermonde,Bezirk Dendermonde,SUCCNALAT,V,23.0,160000.0,166571.43,225000.0,574.0,886.0,1395.0
97889,42000,Arrondissement de Termonde,Arrondissement Dendermonde,Bezirk Dendermonde,SUCCNALAT,VI,342.0,140000.0,199000.0,250000.0,214.0,380.0,800.0
97890,42000,Arrondissement de Termonde,Arrondissement Dendermonde,Bezirk Dendermonde,SUCCNALAT,VII,17.0,90000.0,130000.0,225000.0,336.0,600.0,1622.0
97894,42000,Arrondissement de Termonde,Arrondissement Dendermonde,Bezirk Dendermonde,SUCCNALAT,XI,9.0,122500.0,150000.0,180000.0,301.0,370.0,430.0
97898,42000,Arrondissement de Termonde,Arrondissement Dendermonde,Bezirk Dendermonde,SUCCNALAT,XV,8.0,50000.0,110000.0,170000.0,292.5,1197.5,4983.5
97902,42000,Arrondissement de Termonde,Arrondissement Dendermonde,Bezirk Dendermonde,VENTEIMMEUB,I,160.0,9660.0,15750.0,32000.0,1425.0,2955.0,4981.0
97905,42000,Arrondissement de Termonde,Arrondissement Dendermonde,Bezirk Dendermonde,VENTEIMMEUB,IV,11.0,45810.0,45810.0,45810.0,215.0,310.0,23044.0
97906,42000,Arrondissement de Termonde,Arrondissement Dendermonde,Bezirk Dendermonde,VENTEIMMEUB,V,153.0,82250.0,150000.0,243250.0,188.0,404.0,773.0
97907,42000,Arrondissement de Termonde,Arrondissement Dendermonde,Bezirk Dendermonde,VENTEIMMEUB,VI,836.0,152500.0,210000.0,282500.0,170.0,309.5,574.0
97908,42000,Arrondissement de Termonde,Arrondissement Dendermonde,Bezirk Dendermonde,VENTEIMMEUB,VII,13.0,155000.0,235000.0,250000.0,178.0,713.0,1596.0
97912,42000,Arrondissement de Termonde,Arrondissement Dendermonde,Bezirk Dendermonde,VENTEIMMEUB,XI,25.0,161000.0,215000.0,316941.77,110.0,250.0,660.0
97916,42000,Arrondissement de Termonde,Arrondissement Dendermonde,Bezirk Dendermonde,VENTEIMMEUB,XV,10.0,60000.0,145000.0,150000.0,359.0,438.0,1180.0
97918,42000,Arrondissement de Termonde,Arrondissement Dendermonde,Bezirk Dendermonde,VENTEIMMEUB,XVII,25.0,60000.0,77500.0,225000.0,130.0,200.0,593.0
97925,42000,Arrondissement de Termonde,Arrondissement Dendermonde,Bezirk Dendermonde,VENTEPUBIMMEUB,VI,13.0,116000.0,133000.0,232000.0,200.0,364.0,836.0
97938,42000,Arrondissement de Termonde,Arrondissement Dendermonde,Bezirk Dendermonde,TOTAL,I,834.0,6965.0,13000.0,28400.0,1561.0,2950.0,5128.0
97941,42000,Arrondissement de Termonde,Arrondissement Dendermonde,Bezirk Dendermonde,TOTAL,IV,52.0,125.0,22967.5,45810.0,135.5,283.0,970.0
97942,42000,Arrondissement de Termonde,Arrondissement Dendermonde,Bezirk Dendermonde,TOTAL,V,353.0,82500.0,152000.0,235000.0,216.0,460.0,949.0
97943,42000,Arrondissement de Termonde,Arrondissement Dendermonde,Bezirk Dendermonde,TOTAL,VI,1687.0,150000.0,210000.0,280000.0,197.0,363.5,683.0
97944,42000,Arrondissement de Termonde,Arrondissement Dendermonde,Bezirk Dendermonde,TOTAL,VII,51.0,130000.0,225000.0,280000.0,564.0,1300.0,2414.0
97945,42000,Arrondissement de Termonde,Arrondissement Dendermonde,Bezirk Dendermonde,TOTAL,VIII,7.0,600000.0,775000.0,950000.0,331.0,1638.0,3313.0
97947,42000,Arrondissement de Termonde,Arrondissement Dendermonde,Bezirk Dendermonde,TOTAL,X,5.0,4710000.0,4710000.0,4710000.0,5448.0,7714.0,11744.0
97948,42000,Arrondissement de Termonde,Arrondissement Dendermonde,Bezirk Dendermonde,TOTAL,XI,57.0,130000.0,210000.0,270000.0,190.0,350.0,600.0
97951,42000,Arrondissement de Termonde,Arrondissement Dendermonde,Bezirk Dendermonde,TOTAL,XIV,6.0,120000.0,120000.0,120000.0,280.0,849.5,11459.0
97952,42000,Arrondissement de Termonde,Arrondissement Dendermonde,Bezirk Dendermonde,TOTAL,XV,31.0,50000.0,145000.0,170000.0,125.0,513.0,949.0
97954,42000,Arrondissement de Termonde,Arrondissement Dendermonde,Bezirk Dendermonde,TOTAL,XVII,45.0,45000.0,77500.0,225000.0,46.0,252.0,795.0
97955,42000,Arrondissement de Termonde,Arrondissement Dendermonde,Bezirk Dendermonde,TOTAL,XVIII,11.0,160000.0,160000.0,160000.0,138.0,748.5,1948.0
97956,43000,Arrondissement d'Eeklo,Arrondissement Eeklo,Bezirk Eeklo,CESSION,I,11.0,9256.6,9256.6,9256.6,930.0,4000.0,5080.0
97960,43000,Arrondissement d'Eeklo,Arrondissement Eeklo,Bezirk Eeklo,CESSION,V,7.0,300000.0,300000.0,300000.0,109.0,227.0,3362.0
97961,43000,Arrondissement d'Eeklo,Arrondissement Eeklo,Bezirk Eeklo,CESSION,VI,25.0,27244.0,49500.0,150000.0,245.0,383.0,881.5
97997,43000,Arrondissement d'Eeklo,Arrondissement Eeklo,Bezirk Eeklo,DONATIMMEUB,VI,46.0,150000.0,212500.0,300000.0,230.0,491.0,1072.0
98014,43000,Arrondissement d'Eeklo,Arrondissement Eeklo,Bezirk Eeklo,OTHER,V,22.0,94800.0,362400.0,630000.0,204.0,293.5,625.0
98015,43000,Arrondissement d'Eeklo,Arrondissement Eeklo,Bezirk Eeklo,OTHER,VI,50.0,115000.0,225000.0,325000.0,234.0,482.0,815.0
98020,43000,Arrondissement d'Eeklo,Arrondissement Eeklo,Bezirk Eeklo,OTHER,XI,7.0,300000.0,300000.0,300000.0,158.0,454.0,965.0
98026,43000,Arrondissement d'Eeklo,Arrondissement Eeklo,Bezirk Eeklo,OTHER,XVII,15.0,7500.0,7500.0,7500.0,39.0,509.0,2346.0
98033,43000,Arrondissement d'Eeklo,Arrondissement Eeklo,Bezirk Eeklo,PARTAGE,VI,11.0,12500.0,51428.57,65000.0,137.0,337.0,820.0
98046,43000,Arrondissement d'Eeklo,Arrondissement Eeklo,Bezirk Eeklo,SUCCNALAT,I,120.0,9532.5,18900.0,26285.0,2424.5,4170.0,7099.0
98051,43000,Arrondissement d'Eeklo,Arrondissement Eeklo,Bezirk Eeklo,SUCCNALAT,VI,121.0,145000.0,185000.0,220000.0,211.0,517.0,946.0
98056,43000,Arrondissement d'Eeklo,Arrondissement Eeklo,Bezirk Eeklo,SUCCNALAT,XI,10.0,200000.0,220000.0,258000.0,150.0,297.0,720.0
98064,43000,Arrondissement d'Eeklo,Arrondissement Eeklo,Bezirk Eeklo,VENTEIMMEUB,I,59.0,9000.0,24500.0,192481.0,1041.0,3318.0,7133.0
98068,43000,Arrondissement d'Eeklo,Arrondissement Eeklo,Bezirk Eeklo,VENTEIMMEUB,V,93.0,114000.0,188456.285,256635.79,188.0,292.0,534.0
98069,43000,Arrondissement d'Eeklo,Arrondissement Eeklo,Bezirk Eeklo,VENTEIMMEUB,VI,294.0,130000.0,200000.0,249000.0,160.0,268.0,547.0
98070,43000,Arrondissement d'Eeklo,Arrondissement Eeklo,Bezirk Eeklo,VENTEIMMEUB,VII,5.0,180000.0,402500.0,625000.0,897.0,7250.0,8973.0
98074,43000,Arrondissement d'Eeklo,Arrondissement Eeklo,Bezirk Eeklo,VENTEIMMEUB,XI,14.0,140000.0,190000.0,280000.0,250.0,348.0,520.0
98080,43000,Arrondissement d'Eeklo,Arrondissement Eeklo,Bezirk Eeklo,VENTEIMMEUB,XVII,17.0,33100.0,68975.16,195500.0,127.0,368.0,1011.5
98087,43000,Arrondissement d'Eeklo,Arrondissement Eeklo,Bezirk Eeklo,VENTEPUBIMMEUB,VI,6.0,113000.0,127000.0,230000.0,580.0,1033.0,1489.0
98100,43000,Arrondissement d'Eeklo,Arrondissement Eeklo,Bezirk Eeklo,TOTAL,I,290.0,9256.6,18952.5,29470.0,1754.0,4281.0,7683.0
98104,43000,Arrondissement d'Eeklo,Arrondissement Eeklo,Bezirk Eeklo,TOTAL,V,142.0,114000.0,190000.0,258368.25,193.0,305.5,625.0
98105,43000,Arrondissement d'Eeklo,Arrondissement Eeklo,Bezirk Eeklo,TOTAL,VI,578.0,125000.0,195000.0,245000.0,189.0,399.0,798.0
98106,43000,Arrondissement d'Eeklo,Arrondissement Eeklo,Bezirk Eeklo,TOTAL,VII,27.0,155000.0,180000.0,180000.0,1232.0,3862.5,5938.0
98107,43000,Arrondissement d'Eeklo,Arrondissement Eeklo,Bezirk Eeklo,TOTAL,VIII,5.0,650000.0,650000.0,650000.0,382.0,1981.0,2812.0
98110,43000,Arrondissement d'Eeklo,Arrondissement Eeklo,Bezirk Eeklo,TOTAL,XI,33.0,175000.0,220000.0,300000.0,158.0,344.0,691.0
98116,43000,Arrondissement d'Eeklo,Arrondissement Eeklo,Bezirk Eeklo,TOTAL,XVII,45.0,17500.0,54508.72,195500.0,190.5,479.0,1025.0
98118,44000,Arrondissement de Gand,Arrondissement Gent,Bezirk Gent,CESSION,I,50.0,9136.345,32388.67,82343.75,1801.0,4944.0,8430.0
98121,44000,Arrondissement de Gand,Arrondissement Gent,Bezirk Gent,CESSION,IV,9.0,119610.0,119610.0,119610.0,884.0,1450.0,3243.0
98122,44000,Arrondissement de Gand,Arrondissement Gent,Bezirk Gent,CESSION,V,50.0,4600.0,26140.0,140000.0,55.0,289.5,722.0
98123,44000,Arrondissement de Gand,Arrondissement Gent,Bezirk Gent,CESSION,VI,210.0,80000.0,160000.0,235000.0,157.0,351.5,782.0
98128,44000,Arrondissement de Gand,Arrondissement Gent,Bezirk Gent,CESSION,XI,11.0,120000.0,215000.0,400000.0,311.0,574.0,1144.0
98154,44000,Arrondissement de Gand,Arrondissement Gent,Bezirk Gent,DONATIMMEUB,I,163.0,150000.0,306000.0,462000.0,2708.0,4970.0,9243.0
98158,44000,Arrondissement de Gand,Arrondissement Gent,Bezirk Gent,DONATIMMEUB,V,39.0,45000.0,128000.0,200000.0,463.0,762.0,1339.0
98159,44000,Arrondissement de Gand,Arrondissement Gent,Bezirk Gent,DONATIMMEUB,VI,319.0,200000.0,250000.0,330000.0,184.0,474.0,923.0
98160,44000,Arrondissement de Gand,Arrondissement Gent,Bezirk Gent,DONATIMMEUB,VII,10.0,240000.0,245000.0,250000.0,460.0,1547.0,2760.0
98164,44000,Arrondissement de Gand,Arrondissement Gent,Bezirk Gent,DONATIMMEUB,XI,7.0,212500.0,327500.0,427500.0,100.0,311.0,1093.0
98172,44000,Arrondissement de Gand,Arrondissement Gent,Bezirk Gent,OTHER,I,87.0,24810.0,124905.0,225000.0,1240.0,3300.0,7492.0
98176,44000,Arrondissement de Gand,Arrondissement Gent,Bezirk Gent,OTHER,V,204.0,1375.0,6000.0,10000.0,149.5,329.5,1106.0
98177,44000,Arrondissement de Gand,Arrondissement Gent,Bezirk Gent,OTHER,VI,446.0,143660.0,230000.0,350000.0,200.0,445.0,960.0
98178,44000,Arrondissement de Gand,Arrondissement Gent,Bezirk Gent,OTHER,VII,9.0,31938.44,31938.44,31938.44,188.0,997.0,2161.0
98179,44000,Arrondissement de Gand,Arrondissement Gent,Bezirk Gent,OTHER,VIII,8.0,25000.0,35500.0,46000.0,511.5,1258.0,3102.0
98182,44000,Arrondissement de Gand,Arrondissement Gent,Bezirk Gent,OTHER,XI,30.0,302500.0,556156.49,1059844.99,236.0,530.0,1267.0
98183,44000,Arrondissement de Gand,Arrondissement Gent,Bezirk Gent,OTHER,XII,5.0,84000.0,84000.0,84000.0,241.0,8469.0,9587.0
98188,44000,Arrondissement de Gand,Arrondissement Gent,Bezirk Gent,OTHER,XVII,43.0,15000.0,150000.0,360000.0,25.5,74.0,2677.5
98189,44000,Arrondissement de Gand,Arrondissement Gent,Bezirk Gent,OTHER,XVIII,16.0,8400.0,8400.0,8400.0,238.0,662.0,1694.0
98194,44000,Arrondissement de Gand,Arrondissement Gent,Bezirk Gent,PARTAGE,V,7.0,85000.0,180000.0,275000.0,369.0,664.0,1463.0
98195,44000,Arrondissement de Gand,Arrondissement Gent,Bezirk Gent,PARTAGE,VI,40.0,80632.91,133750.0,296676.905,180.0,303.0,968.0
98208,44000,Arrondissement de Gand,Arrondissement Gent,Bezirk Gent,SUCCNALAT,I,360.0,12000.0,22425.0,41377.25,2190.0,4404.0,8211.0
98211,44000,Arrondissement de Gand,Arrondissement Gent,Bezirk Gent,SUCCNALAT,IV,30.0,805.0,1021.0,2500.0,260.0,424.5,610.0
98212,44000,Arrondissement de Gand,Arrondissement Gent,Bezirk Gent,SUCCNALAT,V,45.0,8837.5,134320.0,202500.0,172.0,393.0,833.0
98213,44000,Arrondissement de Gand,Arrondissement Gent,Bezirk Gent,SUCCNALAT,VI,872.0,165000.0,237500.0,305000.0,200.0,447.0,840.0
98214,44000,Arrondissement de Gand,Arrondissement Gent,Bezirk Gent,SUCCNALAT,VII,38.0,23000.0,166000.0,270000.0,686.0,2201.0,3522.0
98218,44000,Arrondissement de Gand,Arrondissement Gent,Bezirk Gent,SUCCNALAT,XI,18.0,330000.0,373750.0,610000.0,121.0,367.0,643.0
98222,44000,Arrondissement de Gand,Arrondissement Gent,Bezirk Gent,SUCCNALAT,XV,6.0,15000.0,55000.0,90000.0,779.0,1696.0,2442.0
98224,44000,Arrondissement de Gand,Arrondissement Gent,Bezirk Gent,SUCCNALAT,XVII,7.0,350.0,350.0,350.0,140.0,225.0,281.0
98225,44000,Arrondissement de Gand,Arrondissement Gent,Bezirk Gent,SUCCNALAT,XVIII,5.0,1500.0,1500.0,1500.0,30.0,111.0,371.0
98226,44000,Arrondissement de Gand,Arrondissement Gent,Bezirk Gent,VENTEIMMEUB,I,195.0,15000.0,42000.0,112812.5,1911.0,4075.0,7867.0
98229,44000,Arrondissement de Gand,Arrondissement Gent,Bezirk Gent,VENTEIMMEUB,IV,23.0,7500.0,126250.0,245000.0,173.0,430.0,940.0
98230,44000,Arrondissement de Gand,Arrondissement Gent,Bezirk Gent,VENTEIMMEUB,V,483.0,100000.0,211275.0,320000.0,146.0,323.0,665.0
98231,44000,Arrondissement de Gand,Arrondissement Gent,Bezirk Gent,VENTEIMMEUB,VI,2368.0,187000.0,248000.0,329000.0,90.0,247.0,587.0
98232,44000,Arrondissement de Gand,Arrondissement Gent,Bezirk Gent,VENTEIMMEUB,VII,14.0,84500.0,280000.0,400000.0,571.0,2215.0,7218.0
98233,44000,Arrondissement de Gand,Arrondissement Gent,Bezirk Gent,VENTEIMMEUB,VIII,7.0,530000.0,650000.0,660000.0,172.0,1396.0,1647.0
98236,44000,Arrondissement de Gand,Arrondissement Gent,Bezirk Gent,VENTEIMMEUB,XI,98.0,225000.0,282500.0,385000.0,117.0,234.5,629.0
98242,44000,Arrondissement de Gand,Arrondissement Gent,Bezirk Gent,VENTEIMMEUB,XVII,68.0,20000.0,150000.0,290000.0,28.0,434.5,1219.0
98244,44000,Arrondissement de Gand,Arrondissement Gent,Bezirk Gent,VENTEPUBIMMEUB,I,11.0,34000.0,34000.0,34000.0,1426.0,6208.0,8420.0
98249,44000,Arrondissement de Gand,Arrondissement Gent,Bezirk Gent,VENTEPUBIMMEUB,VI,33.0,159000.0,257500.0,324500.0,190.0,310.0,611.0
98262,44000,Arrondissement de Gand,Arrondissement Gent,Bezirk Gent,TOTAL,I,925.0,13800.0,26169.5,60000.0,2109.0,4440.0,8219.0
98263,44000,Arrondissement de Gand,Arrondissement Gent,Bezirk Gent,TOTAL,II,6.0,55000.0,55000.0,55000.0,416.0,1949.5,10625.0
98264,44000,Arrondissement de Gand,Arrondissement Gent,Bezirk Gent,TOTAL,III,6.0,129320.0,399960.0,1884740.0,1060.0,2773.5,17725.0
98265,44000,Arrondissement de Gand,Arrondissement Gent,Bezirk Gent,TOTAL,IV,74.0,870.0,2500.0,7500.0,183.0,430.0,908.0
98266,44000,Arrondissement de Gand,Arrondissement Gent,Bezirk Gent,TOTAL,V,847.0,60000.0,183250.0,309737.0,151.0,351.0,799.0
98267,44000,Arrondissement de Gand,Arrondissement Gent,Bezirk Gent,TOTAL,VI,4461.0,175000.0,245000.0,324000.0,140.0,346.5,758.0
98268,44000,Arrondissement de Gand,Arrondissement Gent,Bezirk Gent,TOTAL,VII,77.0,84500.0,240000.0,270000.0,586.5,1722.0,3740.5
98269,44000,Arrondissement de Gand,Arrondissement Gent,Bezirk Gent,TOTAL,VIII,21.0,183000.0,445000.0,655000.0,347.0,1120.0,1647.0
98271,44000,Arrondissement de Gand,Arrondissement Gent,Bezirk Gent,TOTAL,X,5.0,220000.0,1020000.0,1700000.0,1956.0,7158.0,7463.0
98272,44000,Arrondissement de Gand,Arrondissement Gent,Bezirk Gent,TOTAL,XI,170.0,220000.0,290000.0,395000.0,138.0,292.0,734.0
98273,44000,Arrondissement de Gand,Arrondissement Gent,Bezirk Gent,TOTAL,XII,7.0,84000.0,84000.0,84000.0,241.0,8469.0,10989.0
98274,44000,Arrondissement de Gand,Arrondissement Gent,Bezirk Gent,TOTAL,XIII,10.0,1500000.0,1500000.0,1500000.0,506.0,2027.5,7408.0
98276,44000,Arrondissement de Gand,Arrondissement Gent,Bezirk Gent,TOTAL,XV,18.0,15000.0,55000.0,90000.0,721.5,1758.0,7961.0
98278,44000,Arrondissement de Gand,Arrondissement Gent,Bezirk Gent,TOTAL,XVII,150.0,15000.0,150000.0,290000.0,29.0,421.0,1866.0
98279,44000,Arrondissement de Gand,Arrondissement Gent,Bezirk Gent,TOTAL,XVIII,28.0,1500.0,8400.0,300000.0,146.0,662.0,1694.0
98280,45000,Arrondissement d'Audenarde,Arrondissement Oudenaarde,Bezirk Oudenaarde,CESSION,I,61.0,10220.0,10220.0,10220.0,2900.0,4400.0,6960.0
98284,45000,Arrondissement d'Audenarde,Arrondissement Oudenaarde,Bezirk Oudenaarde,CESSION,V,8.0,6607.5,18737.25,30867.0,80.5,323.5,6221.5
98285,45000,Arrondissement d'Audenarde,Arrondissement Oudenaarde,Bezirk Oudenaarde,CESSION,VI,41.0,140000.0,219065.0,289000.0,231.5,500.5,972.0
98316,45000,Arrondissement d'Audenarde,Arrondissement Oudenaarde,Bezirk Oudenaarde,DONATIMMEUB,I,137.0,30000.0,115000.0,200000.0,2990.0,4760.0,8348.0
98320,45000,Arrondissement d'Audenarde,Arrondissement Oudenaarde,Bezirk Oudenaarde,DONATIMMEUB,V,8.0,100000.0,135000.0,170000.0,435.5,905.5,1214.0
98321,45000,Arrondissement d'Audenarde,Arrondissement Oudenaarde,Bezirk Oudenaarde,DONATIMMEUB,VI,68.0,149000.0,200000.0,235000.0,257.0,583.5,1265.0
98334,45000,Arrondissement d'Audenarde,Arrondissement Oudenaarde,Bezirk Oudenaarde,OTHER,I,24.0,500.0,500.0,500.0,1574.5,2878.5,4858.0
98339,45000,Arrondissement d'Audenarde,Arrondissement Oudenaarde,Bezirk Oudenaarde,OTHER,VI,109.0,200000.0,240000.0,320000.0,377.0,641.5,1381.0
98357,45000,Arrondissement d'Audenarde,Arrondissement Oudenaarde,Bezirk Oudenaarde,PARTAGE,VI,10.0,185000.0,250000.0,290000.0,408.0,620.0,859.0
98370,45000,Arrondissement d'Audenarde,Arrondissement Oudenaarde,Bezirk Oudenaarde,SUCCNALAT,I,248.0,6900.0,18426.0,52875.0,2060.5,3810.0,7314.5
98374,45000,Arrondissement d'Audenarde,Arrondissement Oudenaarde,Bezirk Oudenaarde,SUCCNALAT,V,13.0,10000.0,74500.0,140000.0,422.0,883.0,1324.0
98375,45000,Arrondissement d'Audenarde,Arrondissement Oudenaarde,Bezirk Oudenaarde,SUCCNALAT,VI,202.0,108000.0,175000.0,248500.0,295.5,528.5,960.5
98376,45000,Arrondissement d'Audenarde,Arrondissement Oudenaarde,Bezirk Oudenaarde,SUCCNALAT,VII,20.0,10000.0,200000.0,323323.0,27.0,540.0,1844.0
98380,45000,Arrondissement d'Audenarde,Arrondissement Oudenaarde,Bezirk Oudenaarde,SUCCNALAT,XI,7.0,172000.0,195000.0,233550.0,249.0,350.0,610.0
98386,45000,Arrondissement d'Audenarde,Arrondissement Oudenaarde,Bezirk Oudenaarde,SUCCNALAT,XVII,7.0,100.0,6336.0,9992.0,14.0,50.0,178.0
98388,45000,Arrondissement d'Audenarde,Arrondissement Oudenaarde,Bezirk Oudenaarde,VENTEIMMEUB,I,129.0,9449.2,15000.0,35000.0,1753.0,3000.0,5648.0
98391,45000,Arrondissement d'Audenarde,Arrondissement Oudenaarde,Bezirk Oudenaarde,VENTEIMMEUB,IV,9.0,4800.0,4800.0,4800.0,96.0,107.0,428.0
98392,45000,Arrondissement d'Audenarde,Arrondissement Oudenaarde,Bezirk Oudenaarde,VENTEIMMEUB,V,114.0,7200.0,110000.0,242900.0,167.0,362.5,815.0
98393,45000,Arrondissement d'Audenarde,Arrondissement Oudenaarde,Bezirk Oudenaarde,VENTEIMMEUB,VI,388.0,120000.0,186000.0,270000.0,180.0,405.5,805.0
98394,45000,Arrondissement d'Audenarde,Arrondissement Oudenaarde,Bezirk Oudenaarde,VENTEIMMEUB,VII,6.0,154000.0,291300.385,428600.77,14.0,1811.5,2619.0
98398,45000,Arrondissement d'Audenarde,Arrondissement Oudenaarde,Bezirk Oudenaarde,VENTEIMMEUB,XI,22.0,130000.0,160000.0,340000.0,162.0,418.0,841.0
98404,45000,Arrondissement d'Audenarde,Arrondissement Oudenaarde,Bezirk Oudenaarde,VENTEIMMEUB,XVII,17.0,37000.0,135000.0,145000.0,109.0,265.0,320.0
98411,45000,Arrondissement d'Audenarde,Arrondissement Oudenaarde,Bezirk Oudenaarde,VENTEPUBIMMEUB,VI,8.0,155000.0,255000.0,355000.0,154.0,196.0,453.5
98424,45000,Arrondissement d'Audenarde,Arrondissement Oudenaarde,Bezirk Oudenaarde,TOTAL,I,696.0,7875.0,17460.0,50000.0,2189.5,3983.0,7160.0
98427,45000,Arrondissement d'Audenarde,Arrondissement Oudenaarde,Bezirk Oudenaarde,TOTAL,IV,19.0,4800.0,4800.0,4800.0,96.0,183.0,428.0
98428,45000,Arrondissement d'Audenarde,Arrondissement Oudenaarde,Bezirk Oudenaarde,TOTAL,V,174.0,10000.0,96000.0,229157.54,187.0,411.5,934.0
98429,45000,Arrondissement d'Audenarde,Arrondissement Oudenaarde,Bezirk Oudenaarde,TOTAL,VI,860.0,125000.0,190000.0,270000.0,237.0,500.0,997.5
98430,45000,Arrondissement d'Audenarde,Arrondissement Oudenaarde,Bezirk Oudenaarde,TOTAL,VII,46.0,154000.0,261661.5,375000.0,225.0,1688.0,2619.0
98431,45000,Arrondissement d'Audenarde,Arrondissement Oudenaarde,Bezirk Oudenaarde,TOTAL,VIII,6.0,25000.0,25000.0,25000.0,62.0,1148.0,1718.0
98434,45000,Arrondissement d'Audenarde,Arrondissement Oudenaarde,Bezirk Oudenaarde,TOTAL,XI,39.0,140000.0,172000.0,305000.0,222.0,435.0,841.0
98440,45000,Arrondissement d'Audenarde,Arrondissement Oudenaarde,Bezirk Oudenaarde,TOTAL,XVII,31.0,9992.0,45000.0,139460.0,109.0,265.0,352.0
98442,46000,Arrondissement de Saint-Nicolas,Arrondissement Sint-Niklaas,Bezirk Sint-Niklaas,CESSION,I,36.0,50000.0,121000.2,192000.4,4149.5,5005.0,6302.0
98446,46000,Arrondissement de Saint-Nicolas,Arrondissement Sint-Niklaas,Bezirk Sint-Niklaas,CESSION,V,29.0,6404.0,7619.0,140000.0,36.0,154.0,2165.0
98447,46000,Arrondissement de Saint-Nicolas,Arrondissement Sint-Niklaas,Bezirk Sint-Niklaas,CESSION,VI,73.0,189000.0,256500.0,330000.0,206.0,466.0,839.0
98478,46000,Arrondissement de Saint-Nicolas,Arrondissement Sint-Niklaas,Bezirk Sint-Niklaas,DONATIMMEUB,I,97.0,15000.0,27720.0,54125.0,4160.0,5380.0,8010.0
98482,46000,Arrondissement de Saint-Nicolas,Arrondissement Sint-Niklaas,Bezirk Sint-Niklaas,DONATIMMEUB,V,26.0,100000.0,151875.0,186500.0,451.0,598.5,900.0
98483,46000,Arrondissement de Saint-Nicolas,Arrondissement Sint-Niklaas,Bezirk Sint-Niklaas,DONATIMMEUB,VI,132.0,125000.0,200000.0,300000.0,293.5,519.0,801.5
98484,46000,Arrondissement de Saint-Nicolas,Arrondissement Sint-Niklaas,Bezirk Sint-Niklaas,DONATIMMEUB,VII,10.0,200000.0,400000.0,600000.0,544.0,2066.5,4480.0
98500,46000,Arrondissement de Saint-Nicolas,Arrondissement Sint-Niklaas,Bezirk Sint-Niklaas,OTHER,V,94.0,5400.0,67700.0,130000.0,287.0,567.5,1363.0
98501,46000,Arrondissement de Saint-Nicolas,Arrondissement Sint-Niklaas,Bezirk Sint-Niklaas,OTHER,VI,182.0,180000.0,275000.0,350000.0,225.0,491.0,915.0
98502,46000,Arrondissement de Saint-Nicolas,Arrondissement Sint-Niklaas,Bezirk Sint-Niklaas,OTHER,VII,7.0,5000.0,5000.0,5000.0,1523.0,3551.0,6163.0
98512,46000,Arrondissement de Saint-Nicolas,Arrondissement Sint-Niklaas,Bezirk Sint-Niklaas,OTHER,XVII,19.0,2500.0,2500.0,2500.0,1400.0,2927.0,16389.0
98513,46000,Arrondissement de Saint-Nicolas,Arrondissement Sint-Niklaas,Bezirk Sint-Niklaas,OTHER,XVIII,7.0,1000.0,1000.0,1000.0,301.0,1085.0,1580.0
98519,46000,Arrondissement de Saint-Nicolas,Arrondissement Sint-Niklaas,Bezirk Sint-Niklaas,PARTAGE,VI,18.0,185000.0,220000.0,265000.0,177.0,448.0,568.0
98532,46000,Arrondissement de Saint-Nicolas,Arrondissement Sint-Niklaas,Bezirk Sint-Niklaas,SUCCNALAT,I,217.0,16940.0,28175.0,58849.0,2920.0,4700.0,7040.0
98534,46000,Arrondissement de Saint-Nicolas,Arrondissement Sint-Niklaas,Bezirk Sint-Niklaas,SUCCNALAT,III,5.0,170.0,170.0,170.0,17.0,27.0,27.0
98536,46000,Arrondissement de Saint-Nicolas,Arrondissement Sint-Niklaas,Bezirk Sint-Niklaas,SUCCNALAT,V,22.0,93970.0,150000.0,197500.0,305.0,687.0,4806.0
98537,46000,Arrondissement de Saint-Nicolas,Arrondissement Sint-Niklaas,Bezirk Sint-Niklaas,SUCCNALAT,VI,473.0,150000.0,200000.0,270000.0,180.0,370.0,673.0
98538,46000,Arrondissement de Saint-Nicolas,Arrondissement Sint-Niklaas,Bezirk Sint-Niklaas,SUCCNALAT,VII,22.0,230377.5,252500.0,287500.0,980.0,1846.0,2767.0
98542,46000,Arrondissement de Saint-Nicolas,Arrondissement Sint-Niklaas,Bezirk Sint-Niklaas,SUCCNALAT,XI,14.0,220000.0,275000.0,300000.0,209.0,400.0,1642.0
98546,46000,Arrondissement de Saint-Nicolas,Arrondissement Sint-Niklaas,Bezirk Sint-Niklaas,SUCCNALAT,XV,7.0,80000.0,112500.0,145000.0,207.0,577.0,983.0
98548,46000,Arrondissement de Saint-Nicolas,Arrondissement Sint-Niklaas,Bezirk Sint-Niklaas,SUCCNALAT,XVII,6.0,88895.0,1240197.5,2391500.0,328.0,1534.5,3330.0
98550,46000,Arrondissement de Saint-Nicolas,Arrondissement Sint-Niklaas,Bezirk Sint-Niklaas,VENTEIMMEUB,I,156.0,18451.11,36240.0,65500.0,2422.5,4605.0,7200.0
98554,46000,Arrondissement de Saint-Nicolas,Arrondissement Sint-Niklaas,Bezirk Sint-Niklaas,VENTEIMMEUB,V,242.0,4250.0,130000.0,250000.0,100.0,343.0,554.0
98555,46000,Arrondissement de Saint-Nicolas,Arrondissement Sint-Niklaas,Bezirk Sint-Niklaas,VENTEIMMEUB,VI,1017.0,155000.0,212250.0,280000.0,144.0,277.5,550.0
98556,46000,Arrondissement de Saint-Nicolas,Arrondissement Sint-Niklaas,Bezirk Sint-Niklaas,VENTEIMMEUB,VII,8.0,135000.0,230000.0,330968.0,1009.5,2644.0,5205.0
98560,46000,Arrondissement de Saint-Nicolas,Arrondissement Sint-Niklaas,Bezirk Sint-Niklaas,VENTEIMMEUB,XI,34.0,164000.0,240000.0,317500.0,131.0,291.0,578.0
98562,46000,Arrondissement de Saint-Nicolas,Arrondissement Sint-Niklaas,Bezirk Sint-Niklaas,VENTEIMMEUB,XIII,5.0,161000.0,650000.0,1325000.0,286.0,1293.5,3937.5
98564,46000,Arrondissement de Saint-Nicolas,Arrondissement Sint-Niklaas,Bezirk Sint-Niklaas,VENTEIMMEUB,XV,11.0,43000.0,50000.0,122500.0,256.0,1071.0,3500.0
98566,46000,Arrondissement de Saint-Nicolas,Arrondissement Sint-Niklaas,Bezirk Sint-Niklaas,VENTEIMMEUB,XVII,20.0,74500.0,140000.0,1305000.0,138.5,371.0,2255.0
98568,46000,Arrondissement de Saint-Nicolas,Arrondissement Sint-Niklaas,Bezirk Sint-Niklaas,VENTEPUBIMMEUB,I,12.0,35000.0,35000.0,35000.0,4245.5,5075.0,10176.0
98573,46000,Arrondissement de Saint-Nicolas,Arrondissement Sint-Niklaas,Bezirk Sint-Niklaas,VENTEPUBIMMEUB,VI,25.0,113000.0,128000.0,179000.0,127.0,211.5,370.5
98586,46000,Arrondissement de Saint-Nicolas,Arrondissement Sint-Niklaas,Bezirk Sint-Niklaas,TOTAL,I,682.0,17110.0,32000.0,59750.0,3020.0,4831.0,7200.0
98588,46000,Arrondissement de Saint-Nicolas,Arrondissement Sint-Niklaas,Bezirk Sint-Niklaas,TOTAL,III,10.0,170.0,191039.4,250000.0,27.0,544.0,2955.0
98590,46000,Arrondissement de Saint-Nicolas,Arrondissement Sint-Niklaas,Bezirk Sint-Niklaas,TOTAL,V,426.0,5350.0,130000.0,242187.5,139.0,434.0,861.0
98591,46000,Arrondissement de Saint-Nicolas,Arrondissement Sint-Niklaas,Bezirk Sint-Niklaas,TOTAL,VI,1988.0,150000.0,208275.0,280000.0,169.0,343.0,655.0
98592,46000,Arrondissement de Saint-Nicolas,Arrondissement Sint-Niklaas,Bezirk Sint-Niklaas,TOTAL,VII,55.0,209245.0,246365.0,295000.0,980.0,2031.0,4222.0
98593,46000,Arrondissement de Saint-Nicolas,Arrondissement Sint-Niklaas,Bezirk Sint-Niklaas,TOTAL,VIII,14.0,220250.0,414000.0,568750.0,585.0,1094.5,2664.0
98596,46000,Arrondissement de Saint-Nicolas,Arrondissement Sint-Niklaas,Bezirk Sint-Niklaas,TOTAL,XI,78.0,167000.0,240000.0,318750.0,151.5,407.0,833.0
98598,46000,Arrondissement de Saint-Nicolas,Arrondissement Sint-Niklaas,Bezirk Sint-Niklaas,TOTAL,XIII,9.0,161000.0,650000.0,1325000.0,1102.0,2708.5,6101.0
98600,46000,Arrondissement de Saint-Nicolas,Arrondissement Sint-Niklaas,Bezirk Sint-Niklaas,TOTAL,XV,23.0,46500.0,85000.0,133750.0,256.0,890.0,2000.0
98602,46000,Arrondissement de Saint-Nicolas,Arrondissement Sint-Niklaas,Bezirk Sint-Niklaas,TOTAL,XVII,56.0,50000.0,130000.0,2230000.0,288.0,1559.0,4416.0
98603,46000,Arrondissement de Saint-Nicolas,Arrondissement Sint-Niklaas,Bezirk Sint-Niklaas,TOTAL,XVIII,12.0,1000.0,1000.0,1000.0,231.0,1042.0,1759.0
98604,51000,Arrondissement d'Ath,Arrondissement Aat,Bezirk Ath,CESSION,I,5.0,60000.0,60000.0,60000.0,1250.0,1364.0,3714.0
98608,51000,Arrondissement d'Ath,Arrondissement Aat,Bezirk Ath,CESSION,V,13.0,80000.0,80000.0,80000.0,12.0,28.0,43.0
98609,51000,Arrondissement d'Ath,Arrondissement Aat,Bezirk Ath,CESSION,VI,17.0,120000.0,149000.0,222987.47,250.0,445.0,1232.5
98640,51000,Arrondissement d'Ath,Arrondissement Aat,Bezirk Ath,DONATIMMEUB,I,45.0,2550.0,8775.0,15000.0,2450.0,3865.0,6800.0
98645,51000,Arrondissement d'Ath,Arrondissement Aat,Bezirk Ath,DONATIMMEUB,VI,30.0,95000.0,105000.0,240000.0,91.0,260.0,414.0
98658,51000,Arrondissement d'Ath,Arrondissement Aat,Bezirk Ath,OTHER,I,5.0,20.0,20.0,20.0,1177.0,4170.0,6170.0
98663,51000,Arrondissement d'Ath,Arrondissement Aat,Bezirk Ath,OTHER,VI,61.0,95000.0,150000.0,240000.0,410.0,690.0,1275.0
98681,51000,Arrondissement d'Ath,Arrondissement Aat,Bezirk Ath,PARTAGE,VI,14.0,80000.0,150000.0,240000.0,440.0,819.0,2415.0
98694,51000,Arrondissement d'Ath,Arrondissement Aat,Bezirk Ath,SUCCNALAT,I,290.0,1920.0,4277.0,10892.0,1920.0,3945.0,6810.0
98698,51000,Arrondissement d'Ath,Arrondissement Aat,Bezirk Ath,SUCCNALAT,V,13.0,275.63,664.0,98960.0,35.0,464.0,1237.0
98699,51000,Arrondissement d'Ath,Arrondissement Aat,Bezirk Ath,SUCCNALAT,VI,179.0,75000.0,125000.0,175000.0,254.0,499.0,840.0
98700,51000,Arrondissement d'Ath,Arrondissement Aat,Bezirk Ath,SUCCNALAT,VII,13.0,5000.0,30000.0,75000.0,241.5,730.0,1870.0
98712,51000,Arrondissement d'Ath,Arrondissement Aat,Bezirk Ath,VENTEIMMEUB,I,86.0,5000.0,25000.0,96381.6,1510.0,3918.5,6670.0
98716,51000,Arrondissement d'Ath,Arrondissement Aat,Bezirk Ath,VENTEIMMEUB,V,60.0,8000.0,58783.75,102000.0,259.5,762.5,1460.5
98717,51000,Arrondissement d'Ath,Arrondissement Aat,Bezirk Ath,VENTEIMMEUB,VI,282.0,120000.0,150000.0,215000.0,277.5,563.0,1063.5
98718,51000,Arrondissement d'Ath,Arrondissement Aat,Bezirk Ath,VENTEIMMEUB,VII,6.0,55000.0,65000.0,165000.0,626.0,954.0,3000.0
98722,51000,Arrondissement d'Ath,Arrondissement Aat,Bezirk Ath,VENTEIMMEUB,XI,6.0,55000.0,76500.0,99000.0,103.0,247.5,370.0
98728,51000,Arrondissement d'Ath,Arrondissement Aat,Bezirk Ath,VENTEIMMEUB,XVII,7.0,127500.0,190000.0,275000.0,301.0,366.0,3565.0
98735,51000,Arrondissement d'Ath,Arrondissement Aat,Bezirk Ath,VENTEPUBIMMEUB,VI,8.0,58651.06,130231.46,135704.36,235.0,415.0,430.0
98748,51000,Arrondissement d'Ath,Arrondissement Aat,Bezirk Ath,TOTAL,I,455.0,2120.0,5082.5,15000.0,1810.0,3860.0,6800.0
98751,51000,Arrondissement d'Ath,Arrondissement Aat,Bezirk Ath,TOTAL,IV,12.0,38.0,38.5,39.0,110.0,208.0,346.0
98752,51000,Arrondissement d'Ath,Arrondissement Aat,Bezirk Ath,TOTAL,V,125.0,2715.0,51283.75,98960.0,143.0,925.0,1534.0
98753,51000,Arrondissement d'Ath,Arrondissement Aat,Bezirk Ath,TOTAL,VI,609.0,90000.0,140000.0,200000.0,273.0,533.0,991.0
98754,51000,Arrondissement d'Ath,Arrondissement Aat,Bezirk Ath,TOTAL,VII,28.0,5000.0,47500.0,95000.0,315.0,690.0,2075.0
98758,51000,Arrondissement d'Ath,Arrondissement Aat,Bezirk Ath,TOTAL,XI,14.0,55000.0,99000.0,150000.0,165.0,315.0,1027.0
98764,51000,Arrondissement d'Ath,Arrondissement Aat,Bezirk Ath,TOTAL,XVII,21.0,34000.0,127500.0,275000.0,266.0,426.0,1399.0
98765,51000,Arrondissement d'Ath,Arrondissement Aat,Bezirk Ath,TOTAL,XVIII,7.0,810.0,2865.0,8920.0,187.0,354.0,980.0
98766,52000,Arrondissement de Charleroi,Arrondissement Charleroi,Bezirk Charleroi,CESSION,I,8.0,80000.0,80000.0,80000.0,810.0,2985.5,7500.0
98770,52000,Arrondissement de Charleroi,Arrondissement Charleroi,Bezirk Charleroi,CESSION,V,23.0,40000.0,40000.0,40000.0,6.0,16.0,285.0
98771,52000,Arrondissement de Charleroi,Arrondissement Charleroi,Bezirk Charleroi,CESSION,VI,168.0,59500.0,120000.0,170000.0,171.0,320.0,601.0
98802,52000,Arrondissement de Charleroi,Arrondissement Charleroi,Bezirk Charleroi,DONATIMMEUB,I,26.0,140000.0,145000.0,150000.0,1164.0,3427.0,7770.0
98806,52000,Arrondissement de Charleroi,Arrondissement Charleroi,Bezirk Charleroi,DONATIMMEUB,V,13.0,5700.0,30000.0,80000.0,193.0,506.0,1086.0
98807,52000,Arrondissement de Charleroi,Arrondissement Charleroi,Bezirk Charleroi,DONATIMMEUB,VI,110.0,65000.0,100000.0,150000.0,140.0,261.0,550.0
98818,52000,Arrondissement de Charleroi,Arrondissement Charleroi,Bezirk Charleroi,DONATIMMEUB,XVII,13.0,70000.0,138000.0,150000.0,136.0,150.0,297.0
98820,52000,Arrondissement de Charleroi,Arrondissement Charleroi,Bezirk Charleroi,OTHER,I,31.0,5000.0,32500.0,60000.0,920.0,2349.0,6220.0
98824,52000,Arrondissement de Charleroi,Arrondissement Charleroi,Bezirk Charleroi,OTHER,V,30.0,35640.0,96570.0,157500.0,225.0,519.0,1086.0
98825,52000,Arrondissement de Charleroi,Arrondissement Charleroi,Bezirk Charleroi,OTHER,VI,194.0,110000.0,150000.0,185000.0,180.5,334.0,731.5
98830,52000,Arrondissement de Charleroi,Arrondissement Charleroi,Bezirk Charleroi,OTHER,XI,15.0,137700.0,441993.78,759293.78,186.0,343.0,2120.0
98838,52000,Arrondissement de Charleroi,Arrondissement Charleroi,Bezirk Charleroi,PARTAGE,I,61.0,130000.0,130000.0,130000.0,2629.0,5400.0,11020.0
98843,52000,Arrondissement de Charleroi,Arrondissement Charleroi,Bezirk Charleroi,PARTAGE,VI,54.0,75000.0,145000.0,230000.0,58.0,194.0,350.0
98856,52000,Arrondissement de Charleroi,Arrondissement Charleroi,Bezirk Charleroi,SUCCNALAT,I,452.0,5000.0,16495.0,57500.0,1699.0,3885.0,9201.0
98859,52000,Arrondissement de Charleroi,Arrondissement Charleroi,Bezirk Charleroi,SUCCNALAT,IV,24.0,500.0,500.0,730.0,72.5,107.5,235.0
98860,52000,Arrondissement de Charleroi,Arrondissement Charleroi,Bezirk Charleroi,SUCCNALAT,V,40.0,2000.0,27500.0,100000.0,174.5,382.5,777.5
98861,52000,Arrondissement de Charleroi,Arrondissement Charleroi,Bezirk Charleroi,SUCCNALAT,VI,981.0,70000.0,100000.0,140000.0,143.0,290.0,530.0
98862,52000,Arrondissement de Charleroi,Arrondissement Charleroi,Bezirk Charleroi,SUCCNALAT,VII,10.0,190000.0,225000.0,286000.0,600.0,1640.5,4220.0
98866,52000,Arrondissement de Charleroi,Arrondissement Charleroi,Bezirk Charleroi,SUCCNALAT,XI,20.0,100000.0,132500.0,195000.0,150.0,174.0,535.0
98872,52000,Arrondissement de Charleroi,Arrondissement Charleroi,Bezirk Charleroi,SUCCNALAT,XVII,7.0,36556.0,578278.0,1120000.0,563.0,1620.0,2200.0
98874,52000,Arrondissement de Charleroi,Arrondissement Charleroi,Bezirk Charleroi,VENTEIMMEUB,I,131.0,5900.0,37500.0,121500.0,492.0,1446.0,6835.0
98878,52000,Arrondissement de Charleroi,Arrondissement Charleroi,Bezirk Charleroi,VENTEIMMEUB,V,193.0,50000.0,108500.0,185326.0,215.0,388.0,830.0
98879,52000,Arrondissement de Charleroi,Arrondissement Charleroi,Bezirk Charleroi,VENTEIMMEUB,VI,1586.0,75000.0,117500.0,162000.0,120.0,240.0,440.0
98881,52000,Arrondissement de Charleroi,Arrondissement Charleroi,Bezirk Charleroi,VENTEIMMEUB,VIII,5.0,50000.0,50000.0,50000.0,161.0,2083.0,8959.0
98884,52000,Arrondissement de Charleroi,Arrondissement Charleroi,Bezirk Charleroi,VENTEIMMEUB,XI,63.0,85000.0,135000.0,215000.0,103.0,180.0,400.0
98890,52000,Arrondissement de Charleroi,Arrondissement Charleroi,Bezirk Charleroi,VENTEIMMEUB,XVII,53.0,12500.0,62000.0,113500.0,20.0,164.0,470.0
98897,52000,Arrondissement de Charleroi,Arrondissement Charleroi,Bezirk Charleroi,VENTEPUBIMMEUB,VI,51.0,36813.0,50915.27,79000.0,104.0,190.0,337.0
98902,52000,Arrondissement de Charleroi,Arrondissement Charleroi,Bezirk Charleroi,VENTEPUBIMMEUB,XI,5.0,40986.0,59976.98,111821.96,143.0,210.0,550.0
98910,52000,Arrondissement de Charleroi,Arrondissement Charleroi,Bezirk Charleroi,TOTAL,I,737.0,5029.0,21550.0,76712.5,1360.0,3600.0,8392.0
98912,52000,Arrondissement de Charleroi,Arrondissement Charleroi,Bezirk Charleroi,TOTAL,III,5.0,15040.0,15040.0,15040.0,610.0,1163.0,6663.0
98913,52000,Arrondissement de Charleroi,Arrondissement Charleroi,Bezirk Charleroi,TOTAL,IV,45.0,500.0,615.0,31437.05,80.0,150.0,374.0
98914,52000,Arrondissement de Charleroi,Arrondissement Charleroi,Bezirk Charleroi,TOTAL,V,313.0,37560.0,100000.0,179000.0,200.0,388.0,940.0
98915,52000,Arrondissement de Charleroi,Arrondissement Charleroi,Bezirk Charleroi,TOTAL,VI,3191.0,70000.0,110000.0,155000.0,130.0,260.0,500.0
98916,52000,Arrondissement de Charleroi,Arrondissement Charleroi,Bezirk Charleroi,TOTAL,VII,17.0,150000.0,207500.0,286000.0,390.0,1160.0,3341.0
98917,52000,Arrondissement de Charleroi,Arrondissement Charleroi,Bezirk Charleroi,TOTAL,VIII,11.0,15000.0,41985.0,50000.0,250.0,2083.0,2802.0
98920,52000,Arrondissement de Charleroi,Arrondissement Charleroi,Bezirk Charleroi,TOTAL,XI,107.0,85000.0,137500.0,210000.0,135.0,186.5,527.5
98924,52000,Arrondissement de Charleroi,Arrondissement Charleroi,Bezirk Charleroi,TOTAL,XV,5.0,50000.0,60000.0,180000.0,280.0,479.0,1468.0
98926,52000,Arrondissement de Charleroi,Arrondissement Charleroi,Bezirk Charleroi,TOTAL,XVII,104.0,15000.0,71000.0,150000.0,20.0,150.0,563.0
98927,52000,Arrondissement de Charleroi,Arrondissement Charleroi,Bezirk Charleroi,TOTAL,XVIII,11.0,10123.0,100061.5,190000.0,60.0,506.0,823.0
98928,53000,Arrondissement de Mons,Arrondissement Bergen,Bezirk Mons,CESSION,I,14.0,1069.2,4478.85,7888.5,756.0,1014.5,4890.0
98932,53000,Arrondissement de Mons,Arrondissement Bergen,Bezirk Mons,CESSION,V,7.0,50000.0,50000.0,50000.0,14.0,59.0,695.0
98933,53000,Arrondissement de Mons,Arrondissement Bergen,Bezirk Mons,CESSION,VI,102.0,90000.0,125000.0,180000.0,145.0,279.0,580.0
98964,53000,Arrondissement de Mons,Arrondissement Bergen,Bezirk Mons,DONATIMMEUB,I,64.0,2000.0,2000.0,2000.0,2515.0,4800.0,7810.0
98968,53000,Arrondissement de Mons,Arrondissement Bergen,Bezirk Mons,DONATIMMEUB,V,16.0,45000.0,105000.0,180000.0,446.0,1002.0,1853.5
98969,53000,Arrondissement de Mons,Arrondissement Bergen,Bezirk Mons,DONATIMMEUB,VI,72.0,60000.0,116250.0,147000.0,147.5,370.0,767.0
98974,53000,Arrondissement de Mons,Arrondissement Bergen,Bezirk Mons,DONATIMMEUB,XI,5.0,155000.0,327500.0,500000.0,230.0,291.0,500.0
98982,53000,Arrondissement de Mons,Arrondissement Bergen,Bezirk Mons,OTHER,I,33.0,215000.0,215000.0,215000.0,2120.0,3682.0,6224.0
98986,53000,Arrondissement de Mons,Arrondissement Bergen,Bezirk Mons,OTHER,V,26.0,3240.0,3240.0,3240.0,105.0,1103.0,2210.0
98987,53000,Arrondissement de Mons,Arrondissement Bergen,Bezirk Mons,OTHER,VI,150.0,120000.0,150000.0,210000.0,170.0,500.0,985.0
98992,53000,Arrondissement de Mons,Arrondissement Bergen,Bezirk Mons,OTHER,XI,14.0,165000.0,165000.0,165000.0,128.0,323.0,955.0
99005,53000,Arrondissement de Mons,Arrondissement Bergen,Bezirk Mons,PARTAGE,VI,53.0,96250.0,146250.0,199500.0,160.0,410.0,940.0
99018,53000,Arrondissement de Mons,Arrondissement Bergen,Bezirk Mons,SUCCNALAT,I,289.0,1315.0,3515.0,9451.6,1410.0,2910.0,5620.0
99020,53000,Arrondissement de Mons,Arrondissement Bergen,Bezirk Mons,SUCCNALAT,III,34.0,437.0,1157.0,2357.0,1121.0,3125.0,6030.0
99021,53000,Arrondissement de Mons,Arrondissement Bergen,Bezirk Mons,SUCCNALAT,IV,11.0,39.0,76.0,104.0,48.0,145.0,285.0
99022,53000,Arrondissement de Mons,Arrondissement Bergen,Bezirk Mons,SUCCNALAT,V,31.0,1543.0,2640.0,24000.0,188.0,544.0,1760.0
99023,53000,Arrondissement de Mons,Arrondissement Bergen,Bezirk Mons,SUCCNALAT,VI,570.0,65000.0,100000.0,140000.0,150.0,280.0,633.0
99024,53000,Arrondissement de Mons,Arrondissement Bergen,Bezirk Mons,SUCCNALAT,VII,8.0,75000.0,100000.0,198235.0,44.5,350.0,2320.0
99028,53000,Arrondissement de Mons,Arrondissement Bergen,Bezirk Mons,SUCCNALAT,XI,8.0,92500.0,120000.0,2395833.5,305.0,382.5,470.5
99034,53000,Arrondissement de Mons,Arrondissement Bergen,Bezirk Mons,SUCCNALAT,XVII,7.0,46.0,92.0,4910.5,100.0,214.0,515.0
99036,53000,Arrondissement de Mons,Arrondissement Bergen,Bezirk Mons,VENTEIMMEUB,I,166.0,5000.0,12317.5,42378.0,890.0,2152.5,4824.0
99039,53000,Arrondissement de Mons,Arrondissement Bergen,Bezirk Mons,VENTEIMMEUB,IV,14.0,2500.0,3750.0,5000.0,330.0,647.5,884.0
99040,53000,Arrondissement de Mons,Arrondissement Bergen,Bezirk Mons,VENTEIMMEUB,V,163.0,12000.0,72000.0,135000.0,92.0,282.0,858.0
99041,53000,Arrondissement de Mons,Arrondissement Bergen,Bezirk Mons,VENTEIMMEUB,VI,1057.0,75000.0,119000.0,165000.0,120.0,252.0,500.0
99042,53000,Arrondissement de Mons,Arrondissement Bergen,Bezirk Mons,VENTEIMMEUB,VII,7.0,225000.0,317500.0,410000.0,40.0,1550.0,2413.0
99046,53000,Arrondissement de Mons,Arrondissement Bergen,Bezirk Mons,VENTEIMMEUB,XI,32.0,75000.0,140000.0,200000.0,103.0,189.0,290.0
99052,53000,Arrondissement de Mons,Arrondissement Bergen,Bezirk Mons,VENTEIMMEUB,XVII,50.0,30900.0,60000.0,130000.0,46.0,247.5,946.0
99059,53000,Arrondissement de Mons,Arrondissement Bergen,Bezirk Mons,VENTEPUBIMMEUB,VI,27.0,35291.16,39174.74,52527.36,133.0,198.5,290.0
99072,53000,Arrondissement de Mons,Arrondissement Bergen,Bezirk Mons,TOTAL,I,579.0,1420.0,4219.1,11640.0,1260.0,2910.0,5840.0
99074,53000,Arrondissement de Mons,Arrondissement Bergen,Bezirk Mons,TOTAL,III,36.0,437.0,1157.0,2357.0,1140.5,2539.0,5631.5
99075,53000,Arrondissement de Mons,Arrondissement Bergen,Bezirk Mons,TOTAL,IV,30.0,56.0,104.0,2500.0,59.0,340.0,792.0
99076,53000,Arrondissement de Mons,Arrondissement Bergen,Bezirk Mons,TOTAL,V,264.0,3700.0,50000.0,120000.0,113.0,410.0,1112.5
99077,53000,Arrondissement de Mons,Arrondissement Bergen,Bezirk Mons,TOTAL,VI,2061.0,70000.0,110000.0,160000.0,136.0,279.5,605.0
99078,53000,Arrondissement de Mons,Arrondissement Bergen,Bezirk Mons,TOTAL,VII,19.0,100000.0,169117.5,225000.0,44.0,747.5,2413.0
99079,53000,Arrondissement de Mons,Arrondissement Bergen,Bezirk Mons,TOTAL,VIII,7.0,30000.0,270000.0,723000.0,200.0,671.0,5875.0
99082,53000,Arrondissement de Mons,Arrondissement Bergen,Bezirk Mons,TOTAL,XI,66.0,75000.0,140000.0,200000.0,134.0,272.0,590.0
99086,53000,Arrondissement de Mons,Arrondissement Bergen,Bezirk Mons,TOTAL,XV,7.0,127750.0,127750.0,127750.0,800.0,1760.0,3158.0
99088,53000,Arrondissement de Mons,Arrondissement Bergen,Bezirk Mons,TOTAL,XVII,78.0,8610.5,43065.0,112500.0,100.0,266.0,854.0
99095,54000,Arrondissement de Mouscron,Arrondissement Moeskroen,Bezirk Mouscron,CESSION,VI,24.0,135000.0,170000.0,225000.0,180.0,428.0,651.0
99131,54000,Arrondissement de Mouscron,Arrondissement Moeskroen,Bezirk Mouscron,DONATIMMEUB,VI,20.0,75000.0,85000.0,125000.0,130.0,286.0,689.0
99144,54000,Arrondissement de Mouscron,Arrondissement Moeskroen,Bezirk Mouscron,OTHER,I,5.0,25000.0,25000.0,25000.0,751.0,4595.0,4595.0
99148,54000,Arrondissement de Mouscron,Arrondissement Moeskroen,Bezirk Mouscron,OTHER,V,10.0,62952.0,62952.0,62952.0,246.0,351.0,734.0
99149,54000,Arrondissement de Mouscron,Arrondissement Moeskroen,Bezirk Mouscron,OTHER,VI,67.0,100000.0,152500.0,165000.0,162.0,261.0,495.0
99167,54000,Arrondissement de Mouscron,Arrondissement Moeskroen,Bezirk Mouscron,PARTAGE,VI,19.0,107500.0,160500.0,250000.0,150.0,225.0,541.0
99180,54000,Arrondissement de Mouscron,Arrondissement Moeskroen,Bezirk Mouscron,SUCCNALAT,I,25.0,6555.0,22740.0,100000.0,2185.0,4654.0,7910.0
99185,54000,Arrondissement de Mouscron,Arrondissement Moeskroen,Bezirk Mouscron,SUCCNALAT,VI,111.0,75000.0,100000.0,140000.0,165.0,271.0,432.0
99198,54000,Arrondissement de Mouscron,Arrondissement Moeskroen,Bezirk Mouscron,VENTEIMMEUB,I,13.0,10500.0,110000.0,180000.0,988.0,2860.0,7400.0
99202,54000,Arrondissement de Mouscron,Arrondissement Moeskroen,Bezirk Mouscron,VENTEIMMEUB,V,58.0,67290.0,168957.25,204405.0,203.0,327.5,695.0
99203,54000,Arrondissement de Mouscron,Arrondissement Moeskroen,Bezirk Mouscron,VENTEIMMEUB,VI,297.0,105000.0,145000.0,189385.08,153.0,232.0,415.0
99208,54000,Arrondissement de Mouscron,Arrondissement Moeskroen,Bezirk Mouscron,VENTEIMMEUB,XI,25.0,85000.0,122500.0,140000.0,190.0,308.5,535.0
99214,54000,Arrondissement de Mouscron,Arrondissement Moeskroen,Bezirk Mouscron,VENTEIMMEUB,XVII,23.0,14121.0,118500.0,425000.0,120.0,383.5,1444.0
99234,54000,Arrondissement de Mouscron,Arrondissement Moeskroen,Bezirk Mouscron,TOTAL,I,58.0,9000.0,25000.0,110000.0,1971.0,4638.0,8716.0
99238,54000,Arrondissement de Mouscron,Arrondissement Moeskroen,Bezirk Mouscron,TOTAL,V,76.0,67290.0,159478.625,204405.0,211.5,381.0,866.0
99239,54000,Arrondissement de Mouscron,Arrondissement Moeskroen,Bezirk Mouscron,TOTAL,VI,557.0,94000.0,135000.0,183000.0,155.5,250.0,456.5
99244,54000,Arrondissement de Mouscron,Arrondissement Moeskroen,Bezirk Mouscron,TOTAL,XI,37.0,100000.0,127375.0,230000.0,174.0,222.0,483.0
99250,54000,Arrondissement de Mouscron,Arrondissement Moeskroen,Bezirk Mouscron,TOTAL,XVII,30.0,12121.0,104522.25,296252.0,120.0,261.0,1294.0
99257,55000,Arrondissement de Soignies,Arrondissement Zinnik,Bezirk Soignies,CESSION,VI,62.0,120000.0,165000.0,200000.0,167.0,345.0,919.0
99288,55000,Arrondissement de Soignies,Arrondissement Zinnik,Bezirk Soignies,DONATIMMEUB,I,189.0,1000.0,3006.0,110000.0,3260.0,5694.0,9640.0
99293,55000,Arrondissement de Soignies,Arrondissement Zinnik,Bezirk Soignies,DONATIMMEUB,VI,59.0,100000.0,155000.0,210000.0,151.5,365.5,823.0
99311,55000,Arrondissement de Soignies,Arrondissement Zinnik,Bezirk Soignies,OTHER,VI,135.0,120000.0,155000.0,220000.0,235.0,404.0,908.0
99316,55000,Arrondissement de Soignies,Arrondissement Zinnik,Bezirk Soignies,OTHER,XI,5.0,160000.0,195000.0,230000.0,159.0,408.0,1302.0
99329,55000,Arrondissement de Soignies,Arrondissement Zinnik,Bezirk Soignies,PARTAGE,VI,27.0,150000.0,220500.0,250000.0,145.0,327.0,999.0
99342,55000,Arrondissement de Soignies,Arrondissement Zinnik,Bezirk Soignies,SUCCNALAT,I,354.0,4570.0,10536.0,27330.0,2050.0,3974.0,7130.0
99345,55000,Arrondissement de Soignies,Arrondissement Zinnik,Bezirk Soignies,SUCCNALAT,IV,13.0,80.0,94.0,1940.0,52.0,205.0,540.0
99346,55000,Arrondissement de Soignies,Arrondissement Zinnik,Bezirk Soignies,SUCCNALAT,V,14.0,10000.0,61680.0,90000.0,240.0,556.5,1296.0
99347,55000,Arrondissement de Soignies,Arrondissement Zinnik,Bezirk Soignies,SUCCNALAT,VI,373.0,85000.0,130000.0,168000.0,165.0,361.0,760.0
99348,55000,Arrondissement de Soignies,Arrondissement Zinnik,Bezirk Soignies,SUCCNALAT,VII,10.0,100000.0,150000.0,245000.0,456.0,1357.5,2379.0
99352,55000,Arrondissement de Soignies,Arrondissement Zinnik,Bezirk Soignies,SUCCNALAT,XI,13.0,82500.0,120000.0,175000.0,128.0,215.0,390.0
99360,55000,Arrondissement de Soignies,Arrondissement Zinnik,Bezirk Soignies,VENTEIMMEUB,I,152.0,7500.0,26376.0,95000.0,1705.0,3970.0,6745.0
99364,55000,Arrondissement de Soignies,Arrondissement Zinnik,Bezirk Soignies,VENTEIMMEUB,V,122.0,18675.12,68500.0,135456.0,121.0,397.5,1000.0
99365,55000,Arrondissement de Soignies,Arrondissement Zinnik,Bezirk Soignies,VENTEIMMEUB,VI,784.0,91250.0,142250.0,215000.0,138.0,282.0,735.0
99370,55000,Arrondissement de Soignies,Arrondissement Zinnik,Bezirk Soignies,VENTEIMMEUB,XI,23.0,75000.0,125000.0,175000.0,137.0,228.0,480.0
99376,55000,Arrondissement de Soignies,Arrondissement Zinnik,Bezirk Soignies,VENTEIMMEUB,XVII,33.0,21000.0,121028.5,394000.0,24.5,165.5,631.5
99383,55000,Arrondissement de Soignies,Arrondissement Zinnik,Bezirk Soignies,VENTEPUBIMMEUB,VI,6.0,82817.05,127643.98,166287.96,250.0,274.0,1012.0
99396,55000,Arrondissement de Soignies,Arrondissement Zinnik,Bezirk Soignies,TOTAL,I,749.0,4650.0,10677.5,37052.5,2260.0,4500.0,8245.0
99399,55000,Arrondissement de Soignies,Arrondissement Zinnik,Bezirk Soignies,TOTAL,IV,28.0,80.0,94.0,1940.0,108.5,357.5,887.5
99400,55000,Arrondissement de Soignies,Arrondissement Zinnik,Bezirk Soignies,TOTAL,V,186.0,15847.12,68500.0,132500.0,164.0,506.5,1148.0
99401,55000,Arrondissement de Soignies,Arrondissement Zinnik,Bezirk Soignies,TOTAL,VI,1465.0,90000.0,140000.0,200000.0,155.0,330.0,785.0
99402,55000,Arrondissement de Soignies,Arrondissement Zinnik,Bezirk Soignies,TOTAL,VII,27.0,100000.0,150000.0,245000.0,290.0,1000.0,1930.0
99406,55000,Arrondissement de Soignies,Arrondissement Zinnik,Bezirk Soignies,TOTAL,XI,46.0,82250.0,137000.0,190000.0,129.0,225.0,480.0
99412,55000,Arrondissement de Soignies,Arrondissement Zinnik,Bezirk Soignies,TOTAL,XVII,48.0,23000.0,100764.25,307000.0,30.0,300.0,1579.0
99413,55000,Arrondissement de Soignies,Arrondissement Zinnik,Bezirk Soignies,TOTAL,XVIII,5.0,9900.0,9900.0,9900.0,315.5,493.5,695.5
99418,56000,Arrondissement de Thuin,Arrondissement Thuin,Bezirk Thuin,CESSION,V,7.0,4220.0,39970.0,107000.0,162.0,478.0,1320.0
99419,56000,Arrondissement de Thuin,Arrondissement Thuin,Bezirk Thuin,CESSION,VI,66.0,59850.0,150000.0,195000.0,306.0,674.0,1298.0
99450,56000,Arrondissement de Thuin,Arrondissement Thuin,Bezirk Thuin,DONATIMMEUB,I,152.0,13400.0,50000.0,121500.0,2760.0,4480.0,8530.0
99454,56000,Arrondissement de Thuin,Arrondissement Thuin,Bezirk Thuin,DONATIMMEUB,V,15.0,25000.0,25000.0,25000.0,501.0,1127.0,3221.0
99455,56000,Arrondissement de Thuin,Arrondissement Thuin,Bezirk Thuin,DONATIMMEUB,VI,26.0,100000.0,125000.0,160000.0,215.0,633.0,1229.0
99468,56000,Arrondissement de Thuin,Arrondissement Thuin,Bezirk Thuin,OTHER,I,67.0,80000.0,80000.0,80000.0,1200.0,2360.0,4880.0
99472,56000,Arrondissement de Thuin,Arrondissement Thuin,Bezirk Thuin,OTHER,V,20.0,7500.0,50000.0,95131.15,285.0,560.0,1135.5
99473,56000,Arrondissement de Thuin,Arrondissement Thuin,Bezirk Thuin,OTHER,VI,76.0,90000.0,127500.0,200000.0,270.0,674.0,980.0
99490,56000,Arrondissement de Thuin,Arrondissement Thuin,Bezirk Thuin,PARTAGE,V,12.0,80000.0,80000.0,80000.0,752.5,2475.0,5302.5
99491,56000,Arrondissement de Thuin,Arrondissement Thuin,Bezirk Thuin,PARTAGE,VI,36.0,75000.0,170000.0,200000.0,345.0,682.0,1207.0
99504,56000,Arrondissement de Thuin,Arrondissement Thuin,Bezirk Thuin,SUCCNALAT,I,351.0,1876.0,8865.0,22039.7,1150.0,2410.0,5482.0
99507,56000,Arrondissement de Thuin,Arrondissement Thuin,Bezirk Thuin,SUCCNALAT,IV,8.0,33.0,1516.5,3000.0,250.0,398.5,633.0
99508,56000,Arrondissement de Thuin,Arrondissement Thuin,Bezirk Thuin,SUCCNALAT,V,26.0,456.0,5000.0,7500.0,219.0,352.5,1137.0
99509,56000,Arrondissement de Thuin,Arrondissement Thuin,Bezirk Thuin,SUCCNALAT,VI,345.0,80000.0,110000.0,160000.0,180.0,370.0,779.0
99510,56000,Arrondissement de Thuin,Arrondissement Thuin,Bezirk Thuin,SUCCNALAT,VII,12.0,87999.0,132500.0,222500.0,85.0,800.0,2138.0
99514,56000,Arrondissement de Thuin,Arrondissement Thuin,Bezirk Thuin,SUCCNALAT,XI,8.0,70000.0,110000.0,120000.0,73.5,274.5,374.0
99518,56000,Arrondissement de Thuin,Arrondissement Thuin,Bezirk Thuin,SUCCNALAT,XV,10.0,5000.0,6250.0,11500.0,200.0,261.0,345.0
99521,56000,Arrondissement de Thuin,Arrondissement Thuin,Bezirk Thuin,SUCCNALAT,XVIII,5.0,5000.0,5000.0,5000.0,333.0,450.0,680.0
99522,56000,Arrondissement de Thuin,Arrondissement Thuin,Bezirk Thuin,VENTEIMMEUB,I,255.0,1901.6,6000.0,37500.0,2150.0,4050.0,8660.0
99526,56000,Arrondissement de Thuin,Arrondissement Thuin,Bezirk Thuin,VENTEIMMEUB,V,95.0,31000.0,56880.0,102500.0,301.0,988.0,1807.0
99527,56000,Arrondissement de Thuin,Arrondissement Thuin,Bezirk Thuin,VENTEIMMEUB,VI,464.0,75000.0,128500.0,185000.0,200.0,431.0,825.5
99528,56000,Arrondissement de Thuin,Arrondissement Thuin,Bezirk Thuin,VENTEIMMEUB,VII,7.0,115000.0,150000.0,190000.0,30.0,1160.0,2310.0
99532,56000,Arrondissement de Thuin,Arrondissement Thuin,Bezirk Thuin,VENTEIMMEUB,XI,20.0,115000.0,175000.0,225000.0,195.0,466.5,1057.0
99536,56000,Arrondissement de Thuin,Arrondissement Thuin,Bezirk Thuin,VENTEIMMEUB,XV,18.0,10000.0,15000.0,50000.0,225.0,320.0,390.0
99538,56000,Arrondissement de Thuin,Arrondissement Thuin,Bezirk Thuin,VENTEIMMEUB,XVII,12.0,42500.0,52000.0,75000.0,113.0,311.0,1471.5
99545,56000,Arrondissement de Thuin,Arrondissement Thuin,Bezirk Thuin,VENTEPUBIMMEUB,VI,8.0,34233.55,40719.53,51976.46,185.0,300.0,820.0
99558,56000,Arrondissement de Thuin,Arrondissement Thuin,Bezirk Thuin,TOTAL,I,928.0,2269.6,8547.0,34028.0,1610.0,3315.0,7380.0
99559,56000,Arrondissement de Thuin,Arrondissement Thuin,Bezirk Thuin,TOTAL,II,6.0,3500.0,4500.0,7950.0,214.0,245.0,261.0
99561,56000,Arrondissement de Thuin,Arrondissement Thuin,Bezirk Thuin,TOTAL,IV,22.0,33.0,1516.5,3000.0,87.0,330.0,681.0
99562,56000,Arrondissement de Thuin,Arrondissement Thuin,Bezirk Thuin,TOTAL,V,179.0,9898.56,50000.0,100000.0,288.0,931.0,1806.0
99563,56000,Arrondissement de Thuin,Arrondissement Thuin,Bezirk Thuin,TOTAL,VI,1040.0,80000.0,125000.0,175000.0,207.0,440.0,896.0
99564,56000,Arrondissement de Thuin,Arrondissement Thuin,Bezirk Thuin,TOTAL,VII,30.0,115000.0,150000.0,190000.0,85.0,640.0,2000.0
99568,56000,Arrondissement de Thuin,Arrondissement Thuin,Bezirk Thuin,TOTAL,XI,40.0,95000.0,135000.0,190000.0,150.0,420.0,1164.0
99572,56000,Arrondissement de Thuin,Arrondissement Thuin,Bezirk Thuin,TOTAL,XV,32.0,6000.0,10000.0,20000.0,200.0,254.0,380.0
99574,56000,Arrondissement de Thuin,Arrondissement Thuin,Bezirk Thuin,TOTAL,XVII,18.0,42500.0,52000.0,75000.0,72.0,264.0,786.0
99575,56000,Arrondissement de Thuin,Arrondissement Thuin,Bezirk Thuin,TOTAL,XVIII,12.0,5000.0,6750.0,13500.0,97.5,355.5,565.0
99581,57000,Arrondissement de Tournai,Arrondissement Doornik,Bezirk Tournai,CESSION,VI,40.0,105000.0,160000.0,225000.0,240.5,346.5,757.5
99612,57000,Arrondissement de Tournai,Arrondissement Doornik,Bezirk Tournai,DONATIMMEUB,I,33.0,9965.0,10272.0,10272.0,2209.0,3040.0,5880.0
99616,57000,Arrondissement de Tournai,Arrondissement Doornik,Bezirk Tournai,DONATIMMEUB,V,8.0,1500.0,5000.0,18360.0,478.5,818.5,4467.0
99617,57000,Arrondissement de Tournai,Arrondissement Doornik,Bezirk Tournai,DONATIMMEUB,VI,50.0,110000.0,175000.0,232500.0,246.0,661.5,1435.0
99618,57000,Arrondissement de Tournai,Arrondissement Doornik,Bezirk Tournai,DONATIMMEUB,VII,7.0,175000.0,175000.0,175000.0,177.0,746.0,1206.0
99630,57000,Arrondissement de Tournai,Arrondissement Doornik,Bezirk Tournai,OTHER,I,21.0,22000.0,22000.0,22000.0,2159.0,3170.0,4670.0
99634,57000,Arrondissement de Tournai,Arrondissement Doornik,Bezirk Tournai,OTHER,V,28.0,90000.0,90000.0,90000.0,363.5,592.5,1590.0
99635,57000,Arrondissement de Tournai,Arrondissement Doornik,Bezirk Tournai,OTHER,VI,98.0,120000.0,170000.0,210000.0,310.0,500.0,972.0
99640,57000,Arrondissement de Tournai,Arrondissement Doornik,Bezirk Tournai,OTHER,XI,12.0,175000.0,872935.7,1570871.4,895.5,1035.0,2031.5
99653,57000,Arrondissement de Tournai,Arrondissement Doornik,Bezirk Tournai,PARTAGE,VI,47.0,120000.0,150000.0,250000.0,201.0,534.0,950.0
99666,57000,Arrondissement de Tournai,Arrondissement Doornik,Bezirk Tournai,SUCCNALAT,I,403.0,1512.0,4360.0,15700.0,1546.0,3670.0,8380.0
99670,57000,Arrondissement de Tournai,Arrondissement Doornik,Bezirk Tournai,SUCCNALAT,V,7.0,500.0,532.0,90000.0,257.0,465.0,3838.0
99671,57000,Arrondissement de Tournai,Arrondissement Doornik,Bezirk Tournai,SUCCNALAT,VI,251.0,80000.0,120000.0,170000.0,265.0,500.0,920.0
99672,57000,Arrondissement de Tournai,Arrondissement Doornik,Bezirk Tournai,SUCCNALAT,VII,14.0,300.0,72980.0,150000.0,125.0,1599.0,3267.0
99676,57000,Arrondissement de Tournai,Arrondissement Doornik,Bezirk Tournai,SUCCNALAT,XI,7.0,100000.0,107500.0,150000.0,90.0,280.0,740.0
99682,57000,Arrondissement de Tournai,Arrondissement Doornik,Bezirk Tournai,SUCCNALAT,XVII,5.0,190.0,1175.0,6000.0,14.0,20.0,960.0
99684,57000,Arrondissement de Tournai,Arrondissement Doornik,Bezirk Tournai,VENTEIMMEUB,I,100.0,4000.0,10057.0,71000.0,1158.5,2250.0,4455.0
99688,57000,Arrondissement de Tournai,Arrondissement Doornik,Bezirk Tournai,VENTEIMMEUB,V,91.0,30740.0,80000.0,118596.0,299.0,637.0,1441.0
99689,57000,Arrondissement de Tournai,Arrondissement Doornik,Bezirk Tournai,VENTEIMMEUB,VI,531.0,95000.0,150000.0,207500.0,170.0,393.0,791.0
99690,57000,Arrondissement de Tournai,Arrondissement Doornik,Bezirk Tournai,VENTEIMMEUB,VII,16.0,30000.0,36815.0,45000.0,646.0,1381.5,2286.5
99694,57000,Arrondissement de Tournai,Arrondissement Doornik,Bezirk Tournai,VENTEIMMEUB,XI,11.0,161000.0,195000.0,270000.0,129.0,487.0,980.0
99700,57000,Arrondissement de Tournai,Arrondissement Doornik,Bezirk Tournai,VENTEIMMEUB,XVII,13.0,60000.0,252500.0,350629.2,275.5,664.5,897.0
99707,57000,Arrondissement de Tournai,Arrondissement Doornik,Bezirk Tournai,VENTEPUBIMMEUB,VI,10.0,59201.11,72971.16,116911.46,130.0,250.0,954.0
99720,57000,Arrondissement de Tournai,Arrondissement Doornik,Bezirk Tournai,TOTAL,I,570.0,1700.0,4920.0,18081.0,1500.0,3155.0,7656.0
99724,57000,Arrondissement de Tournai,Arrondissement Doornik,Bezirk Tournai,TOTAL,V,142.0,9500.0,68000.0,110000.0,307.0,651.0,1543.0
99725,57000,Arrondissement de Tournai,Arrondissement Doornik,Bezirk Tournai,TOTAL,VI,1054.0,94000.0,140000.0,200000.0,210.0,447.5,897.0
99726,57000,Arrondissement de Tournai,Arrondissement Doornik,Bezirk Tournai,TOTAL,VII,47.0,18750.0,42500.0,150000.0,281.0,1148.0,2375.0
99727,57000,Arrondissement de Tournai,Arrondissement Doornik,Bezirk Tournai,TOTAL,VIII,5.0,950000.0,950000.0,950000.0,50.0,251.0,1023.0
99729,57000,Arrondissement de Tournai,Arrondissement Doornik,Bezirk Tournai,TOTAL,X,6.0,700000.0,700000.0,700000.0,2071.0,2649.0,9815.0
99730,57000,Arrondissement de Tournai,Arrondissement Doornik,Bezirk Tournai,TOTAL,XI,32.0,120000.0,165000.0,220000.0,132.0,691.0,1062.0
99736,57000,Arrondissement de Tournai,Arrondissement Doornik,Bezirk Tournai,TOTAL,XVII,24.0,2000.0,22000.0,330000.0,29.0,523.0,870.0
99738,61000,Arrondissement de Huy,Arrondissement Hoei,Bezirk Huy,CESSION,I,98.0,70000.0,70000.0,70000.0,1560.0,3438.0,11575.0
99742,61000,Arrondissement de Huy,Arrondissement Hoei,Bezirk Huy,CESSION,V,17.0,60000.0,65000.0,65000.0,429.0,946.0,2380.0
99743,61000,Arrondissement de Huy,Arrondissement Hoei,Bezirk Huy,CESSION,VI,85.0,125000.0,188277.79,220000.0,170.0,571.5,1053.0
99774,61000,Arrondissement de Huy,Arrondissement Hoei,Bezirk Huy,DONATIMMEUB,I,89.0,28000.0,46500.0,65000.0,3210.0,10450.0,23535.0
99778,61000,Arrondissement de Huy,Arrondissement Hoei,Bezirk Huy,DONATIMMEUB,V,21.0,15416.67,21250.0,31250.0,750.0,1153.0,2038.0
99779,61000,Arrondissement de Huy,Arrondissement Hoei,Bezirk Huy,DONATIMMEUB,VI,43.0,92500.0,130000.0,155000.0,220.0,375.0,1199.0
99796,61000,Arrondissement de Huy,Arrondissement Hoei,Bezirk Huy,OTHER,V,51.0,50.0,50.0,50.0,125.0,573.0,1875.0
99797,61000,Arrondissement de Huy,Arrondissement Hoei,Bezirk Huy,OTHER,VI,28.0,121035.2,237500.0,345000.0,177.0,502.5,779.0
99810,61000,Arrondissement de Huy,Arrondissement Hoei,Bezirk Huy,PARTAGE,I,184.0,72000.0,72000.0,72000.0,3159.0,8519.0,25954.5
99815,61000,Arrondissement de Huy,Arrondissement Hoei,Bezirk Huy,PARTAGE,VI,28.0,49766.67,185000.0,255000.0,226.5,644.0,1231.5
99828,61000,Arrondissement de Huy,Arrondissement Hoei,Bezirk Huy,SUCCNALAT,I,326.0,3912.0,9540.0,72000.0,1520.0,4474.5,11030.0
99831,61000,Arrondissement de Huy,Arrondissement Hoei,Bezirk Huy,SUCCNALAT,IV,9.0,1017.0,1017.0,1017.0,50.0,204.0,495.0
99832,61000,Arrondissement de Huy,Arrondissement Hoei,Bezirk Huy,SUCCNALAT,V,13.0,1500.0,58900.0,70000.0,416.0,1178.0,2571.0
99833,61000,Arrondissement de Huy,Arrondissement Hoei,Bezirk Huy,SUCCNALAT,VI,212.0,120000.0,150000.0,195000.0,260.0,676.0,1266.0
99834,61000,Arrondissement de Huy,Arrondissement Hoei,Bezirk Huy,SUCCNALAT,VII,15.0,20000.0,50000.0,100000.0,250.0,877.0,2580.0
99838,61000,Arrondissement de Huy,Arrondissement Hoei,Bezirk Huy,SUCCNALAT,XI,5.0,135000.0,140000.0,150000.0,365.0,521.0,595.0
99844,61000,Arrondissement de Huy,Arrondissement Hoei,Bezirk Huy,SUCCNALAT,XVII,5.0,70000.0,110000.0,150000.0,132.0,222.0,280.0
99846,61000,Arrondissement de Huy,Arrondissement Hoei,Bezirk Huy,VENTEIMMEUB,I,275.0,19500.0,51000.0,85000.0,1168.0,2320.0,4525.0
99850,61000,Arrondissement de Huy,Arrondissement Hoei,Bezirk Huy,VENTEIMMEUB,V,119.0,20076.0,60000.0,93500.0,523.0,945.0,1513.0
99851,61000,Arrondissement de Huy,Arrondissement Hoei,Bezirk Huy,VENTEIMMEUB,VI,382.0,120000.0,167500.0,230000.0,204.0,510.5,1045.5
99852,61000,Arrondissement de Huy,Arrondissement Hoei,Bezirk Huy,VENTEIMMEUB,VII,10.0,43887.2,111387.2,347500.0,87.0,670.5,1091.0
99856,61000,Arrondissement de Huy,Arrondissement Hoei,Bezirk Huy,VENTEIMMEUB,XI,17.0,100000.0,160000.0,280000.0,100.0,300.0,465.0
99862,61000,Arrondissement de Huy,Arrondissement Hoei,Bezirk Huy,VENTEIMMEUB,XVII,10.0,63000.0,145000.0,160495.86,412.0,1036.0,1800.0
99869,61000,Arrondissement de Huy,Arrondissement Hoei,Bezirk Huy,VENTEPUBIMMEUB,VI,8.0,82815.96,84107.98,130160.76,320.0,517.5,1166.0
99882,61000,Arrondissement de Huy,Arrondissement Hoei,Bezirk Huy,TOTAL,I,1148.0,4441.0,16679.0,72000.0,1571.5,4000.0,12298.0
99885,61000,Arrondissement de Huy,Arrondissement Hoei,Bezirk Huy,TOTAL,IV,33.0,1017.0,1017.0,1017.0,204.0,678.0,1272.0
99886,61000,Arrondissement de Huy,Arrondissement Hoei,Bezirk Huy,TOTAL,V,249.0,18646.0,60000.0,85000.0,429.0,965.0,1875.0
99887,61000,Arrondissement de Huy,Arrondissement Hoei,Bezirk Huy,TOTAL,VI,807.0,120000.0,160000.0,220000.0,224.0,560.0,1130.0
99888,61000,Arrondissement de Huy,Arrondissement Hoei,Bezirk Huy,TOTAL,VII,38.0,25000.0,52774.4,150000.0,177.0,751.0,2580.0
99892,61000,Arrondissement de Huy,Arrondissement Hoei,Bezirk Huy,TOTAL,XI,27.0,107500.0,145000.0,220000.0,101.0,316.0,595.0
99896,61000,Arrondissement de Huy,Arrondissement Hoei,Bezirk Huy,TOTAL,XV,12.0,70000.0,134000.0,198000.0,1168.5,1501.0,2200.0
99898,61000,Arrondissement de Huy,Arrondissement Hoei,Bezirk Huy,TOTAL,XVII,20.0,63000.0,145000.0,160495.86,60.0,412.0,1764.0
99899,61000,Arrondissement de Huy,Arrondissement Hoei,Bezirk Huy,TOTAL,XVIII,9.0,70000.0,70000.0,70000.0,509.0,682.0,1428.5
99900,62000,Arrondissement de Liège,Arrondissement Luik,Bezirk Lüttich,CESSION,I,6.0,65000.0,65000.0,65000.0,640.0,749.0,1100.0
99904,62000,Arrondissement de Liège,Arrondissement Luik,Bezirk Lüttich,CESSION,V,15.0,60000.0,87600.0,115200.0,171.0,603.0,1393.0
99905,62000,Arrondissement de Liège,Arrondissement Luik,Bezirk Lüttich,CESSION,VI,152.0,147500.0,180000.0,238000.0,130.0,319.0,781.0
99940,62000,Arrondissement de Liège,Arrondissement Luik,Bezirk Lüttich,DONATIMMEUB,V,27.0,21317.8,46235.0,122600.0,413.0,811.0,1393.0
99941,62000,Arrondissement de Liège,Arrondissement Luik,Bezirk Lüttich,DONATIMMEUB,VI,213.0,105000.0,130000.0,165000.0,145.0,276.0,680.0
99946,62000,Arrondissement de Liège,Arrondissement Luik,Bezirk Lüttich,DONATIMMEUB,XI,10.0,320000.0,320000.0,320000.0,101.0,148.5,346.0
99954,62000,Arrondissement de Liège,Arrondissement Luik,Bezirk Lüttich,OTHER,I,52.0,10000.0,10000.0,10000.0,941.5,2233.5,8781.5
99958,62000,Arrondissement de Liège,Arrondissement Luik,Bezirk Lüttich,OTHER,V,129.0,2800.4,32200.0,83200.0,173.0,450.0,803.0
99959,62000,Arrondissement de Liège,Arrondissement Luik,Bezirk Lüttich,OTHER,VI,231.0,125000.0,180000.0,250000.0,205.0,365.5,811.0
99964,62000,Arrondissement de Liège,Arrondissement Luik,Bezirk Lüttich,OTHER,XI,34.0,486250.0,732500.0,7870000.0,230.0,328.5,692.0
99970,62000,Arrondissement de Liège,Arrondissement Luik,Bezirk Lüttich,OTHER,XVII,22.0,500.0,124000.0,247500.0,66.0,499.5,1373.0
99976,62000,Arrondissement de Liège,Arrondissement Luik,Bezirk Lüttich,PARTAGE,V,33.0,25000.0,150000.0,150000.0,288.0,788.0,1150.0
99977,62000,Arrondissement de Liège,Arrondissement Luik,Bezirk Lüttich,PARTAGE,VI,298.0,130000.0,162532.15,210000.0,146.0,308.0,657.0
99982,62000,Arrondissement de Liège,Arrondissement Luik,Bezirk Lüttich,PARTAGE,XI,5.0,170000.0,170000.0,170000.0,174.0,180.0,290.0
99990,62000,Arrondissement de Liège,Arrondissement Luik,Bezirk Lüttich,SUCCNALAT,I,355.0,1005.0,6065.0,56534.0,840.0,1688.0,4037.0
99994,62000,Arrondissement de Liège,Arrondissement Luik,Bezirk Lüttich,SUCCNALAT,V,42.0,1275.0,44640.0,70000.0,57.0,258.5,558.0
99995,62000,Arrondissement de Liège,Arrondissement Luik,Bezirk Lüttich,SUCCNALAT,VI,1252.0,90000.0,130000.0,174000.0,140.0,269.0,595.0
99996,62000,Arrondissement de Liège,Arrondissement Luik,Bezirk Lüttich,SUCCNALAT,VII,12.0,37500.0,155000.0,237500.0,254.5,1069.5,2208.5
100000,62000,Arrondissement de Liège,Arrondissement Luik,Bezirk Lüttich,SUCCNALAT,XI,28.0,100000.0,115000.0,180000.0,142.0,204.5,356.0
100004,62000,Arrondissement de Liège,Arrondissement Luik,Bezirk Lüttich,SUCCNALAT,XV,5.0,85000.0,95000.0,100000.0,340.0,1089.0,1400.0
100006,62000,Arrondissement de Liège,Arrondissement Luik,Bezirk Lüttich,SUCCNALAT,XVII,6.0,45000.0,45000.0,45000.0,120.0,167.0,444.0
100008,62000,Arrondissement de Liège,Arrondissement Luik,Bezirk Lüttich,VENTEIMMEUB,I,210.0,25000.0,51280.0,132500.0,423.0,1201.0,3290.0
100011,62000,Arrondissement de Liège,Arrondissement Luik,Bezirk Lüttich,VENTEIMMEUB,IV,27.0,3100.0,94000.0,365000.0,50.0,277.0,701.0
100012,62000,Arrondissement de Liège,Arrondissement Luik,Bezirk Lüttich,VENTEIMMEUB,V,364.0,50000.0,87500.0,170000.0,158.0,436.0,791.5
100013,62000,Arrondissement de Liège,Arrondissement Luik,Bezirk Lüttich,VENTEIMMEUB,VI,2559.0,100000.0,140000.0,187500.0,113.0,209.0,427.0
100014,62000,Arrondissement de Liège,Arrondissement Luik,Bezirk Lüttich,VENTEIMMEUB,VII,17.0,270000.0,270000.0,270000.0,47.0,156.0,651.0
100015,62000,Arrondissement de Liège,Arrondissement Luik,Bezirk Lüttich,VENTEIMMEUB,VIII,14.0,160000.0,190000.0,260000.0,171.0,337.0,939.0
100018,62000,Arrondissement de Liège,Arrondissement Luik,Bezirk Lüttich,VENTEIMMEUB,XI,97.0,105000.0,152500.0,230000.0,85.5,174.5,299.0
100022,62000,Arrondissement de Liège,Arrondissement Luik,Bezirk Lüttich,VENTEIMMEUB,XV,8.0,17000.0,45000.0,101000.0,267.5,320.5,1980.5
100024,62000,Arrondissement de Liège,Arrondissement Luik,Bezirk Lüttich,VENTEIMMEUB,XVII,89.0,90000.0,135000.0,290000.0,175.0,301.5,880.0
100026,62000,Arrondissement de Liège,Arrondissement Luik,Bezirk Lüttich,VENTEPUBIMMEUB,I,36.0,4304.0,43668.82,83033.64,1160.0,2794.5,8044.5
100031,62000,Arrondissement de Liège,Arrondissement Luik,Bezirk Lüttich,VENTEPUBIMMEUB,VI,45.0,61175.58,99275.48,129464.605,141.5,258.5,469.5
100044,62000,Arrondissement de Liège,Arrondissement Luik,Bezirk Lüttich,TOTAL,I,860.0,1290.0,15425.0,75414.0,760.0,1593.5,3880.5
100047,62000,Arrondissement de Liège,Arrondissement Luik,Bezirk Lüttich,TOTAL,IV,55.0,3100.0,94000.0,365000.0,80.0,308.0,860.0
100048,62000,Arrondissement de Liège,Arrondissement Luik,Bezirk Lüttich,TOTAL,V,625.0,39900.0,77000.0,150000.0,163.0,467.0,879.0
100049,62000,Arrondissement de Liège,Arrondissement Luik,Bezirk Lüttich,TOTAL,VI,4833.0,98000.0,139000.0,185000.0,126.0,242.5,537.0
100050,62000,Arrondissement de Liège,Arrondissement Luik,Bezirk Lüttich,TOTAL,VII,43.0,60000.0,160000.0,270000.0,156.0,285.0,1259.0
100051,62000,Arrondissement de Liège,Arrondissement Luik,Bezirk Lüttich,TOTAL,VIII,19.0,92500.0,175000.0,351550.0,171.0,354.0,1148.0
100054,62000,Arrondissement de Liège,Arrondissement Luik,Bezirk Lüttich,TOTAL,XI,180.0,105000.0,152500.0,230000.0,110.0,202.0,365.0
100056,62000,Arrondissement de Liège,Arrondissement Luik,Bezirk Lüttich,TOTAL,XIII,8.0,175000.0,175000.0,175000.0,266.0,810.5,1738.0
100058,62000,Arrondissement de Liège,Arrondissement Luik,Bezirk Lüttich,TOTAL,XV,15.0,30000.0,95000.0,135000.0,277.0,411.0,1990.0
100060,62000,Arrondissement de Liège,Arrondissement Luik,Bezirk Lüttich,TOTAL,XVII,128.0,45000.0,126250.0,245000.0,145.0,321.0,880.0
100061,62000,Arrondissement de Liège,Arrondissement Luik,Bezirk Lüttich,TOTAL,XVIII,43.0,30000.0,35000.0,60000.0,321.5,732.0,2131.0
100062,63000,Arrondissement de Verviers,Arrondissement Verviers,Bezirk Verviers,CESSION,I,70.0,1320.0,47000.0,140000.0,1498.0,4482.5,8835.0
100066,63000,Arrondissement de Verviers,Arrondissement Verviers,Bezirk Verviers,CESSION,V,30.0,2665.08,2665.08,2665.08,126.0,1056.5,1961.0
100067,63000,Arrondissement de Verviers,Arrondissement Verviers,Bezirk Verviers,CESSION,VI,109.0,149952.5,185000.0,250360.0,204.0,420.0,879.0
100072,63000,Arrondissement de Verviers,Arrondissement Verviers,Bezirk Verviers,CESSION,XI,9.0,65000.0,133190.5,198190.5,90.0,122.0,274.0
100085,63000,Arrondissement de Verviers,Arrondissement Verviers,Bezirk Verviers,COMMUNAUTE,VI,56.0,770.0,770.0,770.0,241.0,652.0,1331.0
100098,63000,Arrondissement de Verviers,Arrondissement Verviers,Bezirk Verviers,DONATIMMEUB,I,268.0,1400.0,34000.0,157527.13,2253.0,4864.0,8048.5
100102,63000,Arrondissement de Verviers,Arrondissement Verviers,Bezirk Verviers,DONATIMMEUB,V,65.0,50000.0,60000.0,63000.0,347.0,1048.0,1663.0
100103,63000,Arrondissement de Verviers,Arrondissement Verviers,Bezirk Verviers,DONATIMMEUB,VI,122.0,62700.0,145000.0,200000.0,164.0,388.0,759.0
100104,63000,Arrondissement de Verviers,Arrondissement Verviers,Bezirk Verviers,DONATIMMEUB,VII,14.0,70000.0,117500.0,210000.0,875.0,1202.0,2507.0
100108,63000,Arrondissement de Verviers,Arrondissement Verviers,Bezirk Verviers,DONATIMMEUB,XI,7.0,107500.0,188000.0,200000.0,138.0,228.0,663.0
100114,63000,Arrondissement de Verviers,Arrondissement Verviers,Bezirk Verviers,DONATIMMEUB,XVII,8.0,30000.0,30000.0,30000.0,311.5,829.0,1472.0
100116,63000,Arrondissement de Verviers,Arrondissement Verviers,Bezirk Verviers,OTHER,I,88.0,19700.0,19700.0,19700.0,1867.5,5469.0,13500.0
100120,63000,Arrondissement de Verviers,Arrondissement Verviers,Bezirk Verviers,OTHER,V,99.0,250.0,875.0,1500.0,43.0,444.0,1217.0
100121,63000,Arrondissement de Verviers,Arrondissement Verviers,Bezirk Verviers,OTHER,VI,126.0,124375.0,210000.0,265000.0,280.5,639.0,1102.0
100126,63000,Arrondissement de Verviers,Arrondissement Verviers,Bezirk Verviers,OTHER,XI,7.0,34020.0,34020.0,34020.0,160.0,260.0,817.0
100132,63000,Arrondissement de Verviers,Arrondissement Verviers,Bezirk Verviers,OTHER,XVII,18.0,247670.055,253361.185,256699.65,86.0,406.5,1128.0
100134,63000,Arrondissement de Verviers,Arrondissement Verviers,Bezirk Verviers,PARTAGE,I,230.0,6400.0,6400.0,6400.0,1635.0,3537.5,7074.0
100138,63000,Arrondissement de Verviers,Arrondissement Verviers,Bezirk Verviers,PARTAGE,V,53.0,10000.0,10000.0,10000.0,790.0,1407.0,2450.0
100139,63000,Arrondissement de Verviers,Arrondissement Verviers,Bezirk Verviers,PARTAGE,VI,91.0,130000.0,200000.0,280000.0,301.5,599.0,1129.5
100152,63000,Arrondissement de Verviers,Arrondissement Verviers,Bezirk Verviers,SUCCNALAT,I,521.0,1450.0,5875.0,40125.0,1046.0,2440.0,5560.0
100155,63000,Arrondissement de Verviers,Arrondissement Verviers,Bezirk Verviers,SUCCNALAT,IV,16.0,56.25,65000.0,65000.0,53.5,166.0,306.5
100156,63000,Arrondissement de Verviers,Arrondissement Verviers,Bezirk Verviers,SUCCNALAT,V,39.0,2595.0,9486.0,42660.0,116.0,353.0,1590.0
100157,63000,Arrondissement de Verviers,Arrondissement Verviers,Bezirk Verviers,SUCCNALAT,VI,446.0,100000.0,145000.0,180000.0,180.0,417.5,807.5
100158,63000,Arrondissement de Verviers,Arrondissement Verviers,Bezirk Verviers,SUCCNALAT,VII,34.0,29000.0,112500.0,150000.0,484.0,973.5,1395.0
100162,63000,Arrondissement de Verviers,Arrondissement Verviers,Bezirk Verviers,SUCCNALAT,XI,18.0,110000.0,130000.0,215000.0,105.0,201.0,426.0
100166,63000,Arrondissement de Verviers,Arrondissement Verviers,Bezirk Verviers,SUCCNALAT,XV,7.0,40000.0,77500.0,95000.0,249.0,533.0,697.0
100170,63000,Arrondissement de Verviers,Arrondissement Verviers,Bezirk Verviers,VENTEIMMEUB,I,521.0,3000.0,10000.0,59201.25,1408.0,3084.0,6154.0
100173,63000,Arrondissement de Verviers,Arrondissement Verviers,Bezirk Verviers,VENTEIMMEUB,IV,35.0,330.0,330.0,330.0,144.0,300.0,492.0
100174,63000,Arrondissement de Verviers,Arrondissement Verviers,Bezirk Verviers,VENTEIMMEUB,V,288.0,15394.3,60000.0,96356.0,229.0,731.5,1254.0
100175,63000,Arrondissement de Verviers,Arrondissement Verviers,Bezirk Verviers,VENTEIMMEUB,VI,913.0,120000.0,165050.0,230000.0,160.0,342.0,849.0
100176,63000,Arrondissement de Verviers,Arrondissement Verviers,Bezirk Verviers,VENTEIMMEUB,VII,32.0,130000.0,172000.0,250000.0,396.5,718.5,1121.5
100179,63000,Arrondissement de Verviers,Arrondissement Verviers,Bezirk Verviers,VENTEIMMEUB,X,5.0,40650.0,43012.52,45375.04,99.0,114.0,192.0
100180,63000,Arrondissement de Verviers,Arrondissement Verviers,Bezirk Verviers,VENTEIMMEUB,XI,47.0,45358.1,112500.0,237500.0,91.0,214.0,421.0
100184,63000,Arrondissement de Verviers,Arrondissement Verviers,Bezirk Verviers,VENTEIMMEUB,XV,25.0,7500.0,80000.0,160000.0,88.0,210.0,811.0
100186,63000,Arrondissement de Verviers,Arrondissement Verviers,Bezirk Verviers,VENTEIMMEUB,XVII,73.0,39000.0,144000.0,185467.0,57.0,389.0,1426.0
100193,63000,Arrondissement de Verviers,Arrondissement Verviers,Bezirk Verviers,VENTEPUBIMMEUB,VI,16.0,86081.16,98666.96,149211.96,309.0,466.0,863.0
100206,63000,Arrondissement de Verviers,Arrondissement Verviers,Bezirk Verviers,TOTAL,I,1738.0,1890.0,7000.0,48800.0,1419.0,3266.0,7020.0
100207,63000,Arrondissement de Verviers,Arrondissement Verviers,Bezirk Verviers,TOTAL,II,18.0,30000.0,30000.0,30000.0,165.0,488.0,2783.0
100209,63000,Arrondissement de Verviers,Arrondissement Verviers,Bezirk Verviers,TOTAL,IV,73.0,193.125,32665.0,65000.0,132.0,255.0,417.0
100210,63000,Arrondissement de Verviers,Arrondissement Verviers,Bezirk Verviers,TOTAL,V,585.0,6577.47,50000.0,92648.0,192.0,783.0,1439.0
100211,63000,Arrondissement de Verviers,Arrondissement Verviers,Bezirk Verviers,TOTAL,VI,1879.0,115000.0,158505.0,210000.0,180.0,401.5,881.5
100212,63000,Arrondissement de Verviers,Arrondissement Verviers,Bezirk Verviers,TOTAL,VII,106.0,35000.0,125000.0,172000.0,446.0,885.0,1398.0
100213,63000,Arrondissement de Verviers,Arrondissement Verviers,Bezirk Verviers,TOTAL,VIII,12.0,25000.0,60000.0,227273.0,414.5,1059.5,2385.0
100215,63000,Arrondissement de Verviers,Arrondissement Verviers,Bezirk Verviers,TOTAL,X,5.0,40650.0,43012.52,45375.04,99.0,114.0,192.0
100216,63000,Arrondissement de Verviers,Arrondissement Verviers,Bezirk Verviers,TOTAL,XI,97.0,61250.0,120000.0,200000.0,100.0,200.5,458.0
100220,63000,Arrondissement de Verviers,Arrondissement Verviers,Bezirk Verviers,TOTAL,XV,37.0,7500.0,79000.0,110000.0,167.0,287.0,697.0
100222,63000,Arrondissement de Verviers,Arrondissement Verviers,Bezirk Verviers,TOTAL,XVII,113.0,27000.0,147000.0,232996.085,49.0,412.0,1347.0
100223,63000,Arrondissement de Verviers,Arrondissement Verviers,Bezirk Verviers,TOTAL,XVIII,9.0,1620.1,1620.1,1620.1,80.0,613.0,1496.0
100224,64000,Arrondissement de Waremme,Arrondissement Borgworm,Bezirk Waremme,CESSION,I,11.0,37500.0,38750.0,40000.0,3771.0,12469.0,33722.0
100228,64000,Arrondissement de Waremme,Arrondissement Borgworm,Bezirk Waremme,CESSION,V,5.0,50000.0,65000.0,80000.0,1391.0,1606.0,1883.0
100229,64000,Arrondissement de Waremme,Arrondissement Borgworm,Bezirk Waremme,CESSION,VI,13.0,75000.0,160000.0,175000.0,570.0,622.0,697.0
100260,64000,Arrondissement de Waremme,Arrondissement Borgworm,Bezirk Waremme,DONATIMMEUB,I,43.0,1000.0,3000.0,5000.0,2130.0,5909.0,9230.0
100264,64000,Arrondissement de Waremme,Arrondissement Borgworm,Bezirk Waremme,DONATIMMEUB,V,14.0,25000.0,30000.0,40000.0,1317.0,1606.0,6043.0
100265,64000,Arrondissement de Waremme,Arrondissement Borgworm,Bezirk Waremme,DONATIMMEUB,VI,30.0,50000.0,145000.0,185000.0,365.0,633.5,1381.0
100283,64000,Arrondissement de Waremme,Arrondissement Borgworm,Bezirk Waremme,OTHER,VI,25.0,125000.0,240000.0,315000.0,458.0,743.5,1314.0
100296,64000,Arrondissement de Waremme,Arrondissement Borgworm,Bezirk Waremme,PARTAGE,I,34.0,48750.0,48750.0,48750.0,1820.0,3156.0,7570.0
100301,64000,Arrondissement de Waremme,Arrondissement Borgworm,Bezirk Waremme,PARTAGE,VI,46.0,200000.0,245000.0,310000.0,577.0,853.0,1347.0
100314,64000,Arrondissement de Waremme,Arrondissement Borgworm,Bezirk Waremme,SUCCNALAT,I,173.0,6650.0,17350.5,145210.0,1570.0,4157.0,8604.0
100318,64000,Arrondissement de Waremme,Arrondissement Borgworm,Bezirk Waremme,SUCCNALAT,V,8.0,3000.0,53000.0,90000.0,563.0,681.5,1919.5
100319,64000,Arrondissement de Waremme,Arrondissement Borgworm,Bezirk Waremme,SUCCNALAT,VI,150.0,111000.0,150000.0,192500.0,457.5,739.0,1162.5
100320,64000,Arrondissement de Waremme,Arrondissement Borgworm,Bezirk Waremme,SUCCNALAT,VII,10.0,17500.0,150000.0,320882.0,98.0,1069.0,2028.0
100324,64000,Arrondissement de Waremme,Arrondissement Borgworm,Bezirk Waremme,SUCCNALAT,XI,8.0,190000.0,265000.0,330000.0,276.5,504.5,1077.5
100332,64000,Arrondissement de Waremme,Arrondissement Borgworm,Bezirk Waremme,VENTEIMMEUB,I,77.0,10615.0,65000.0,164640.0,1491.0,3862.0,10538.0
100336,64000,Arrondissement de Waremme,Arrondissement Borgworm,Bezirk Waremme,VENTEIMMEUB,V,61.0,39425.0,70000.0,87500.0,500.0,937.0,1287.0
100337,64000,Arrondissement de Waremme,Arrondissement Borgworm,Bezirk Waremme,VENTEIMMEUB,VI,263.0,135000.0,185000.0,250000.0,355.0,698.5,1249.0
100342,64000,Arrondissement de Waremme,Arrondissement Borgworm,Bezirk Waremme,VENTEIMMEUB,XI,9.0,147500.0,230000.0,487500.0,262.5,397.0,1121.5
100348,64000,Arrondissement de Waremme,Arrondissement Borgworm,Bezirk Waremme,VENTEIMMEUB,XVII,17.0,60000.0,100000.0,260000.0,217.5,510.0,1743.0
100368,64000,Arrondissement de Waremme,Arrondissement Borgworm,Bezirk Waremme,TOTAL,I,350.0,7068.0,31750.0,110000.0,1672.0,3986.0,9221.0
100372,64000,Arrondissement de Waremme,Arrondissement Borgworm,Bezirk Waremme,TOTAL,V,135.0,30000.0,65000.0,85000.0,504.0,1029.0,1898.0
100373,64000,Arrondissement de Waremme,Arrondissement Borgworm,Bezirk Waremme,TOTAL,VI,549.0,120000.0,170000.0,229000.0,423.0,725.0,1234.0
100374,64000,Arrondissement de Waremme,Arrondissement Borgworm,Bezirk Waremme,TOTAL,VII,18.0,17500.0,181000.0,320882.0,249.0,1642.5,3879.0
100378,64000,Arrondissement de Waremme,Arrondissement Borgworm,Bezirk Waremme,TOTAL,XI,19.0,150000.0,265000.0,380000.0,265.0,397.0,1007.0
100384,64000,Arrondissement de Waremme,Arrondissement Borgworm,Bezirk Waremme,TOTAL,XVII,30.0,67500.0,140000.0,296500.0,240.0,491.0,1498.0
100385,64000,Arrondissement de Waremme,Arrondissement Borgworm,Bezirk Waremme,TOTAL,XVIII,6.0,80000.0,80000.0,80000.0,218.0,576.0,895.0
100386,71000,Arrondissement de Hasselt,Arrondissement Hasselt,Bezirk Hasselt,CESSION,I,44.0,5482.5,10600.0,25000.0,1448.5,2645.5,6790.0
100390,71000,Arrondissement de Hasselt,Arrondissement Hasselt,Bezirk Hasselt,CESSION,V,60.0,12500.0,57500.0,114500.0,230.5,723.0,3205.5
100391,71000,Arrondissement de Hasselt,Arrondissement Hasselt,Bezirk Hasselt,CESSION,VI,100.0,150000.0,197500.0,260000.0,504.0,824.0,982.0
100409,71000,Arrondissement de Hasselt,Arrondissement Hasselt,Bezirk Hasselt,COMMUNAUTE,VI,124.0,43000.0,43000.0,43000.0,440.0,752.0,1102.0
100422,71000,Arrondissement de Hasselt,Arrondissement Hasselt,Bezirk Hasselt,DONATIMMEUB,I,125.0,7000.0,50000.0,150000.0,1088.0,2750.0,5000.0
100426,71000,Arrondissement de Hasselt,Arrondissement Hasselt,Bezirk Hasselt,DONATIMMEUB,V,65.0,85000.0,118125.0,150000.0,534.0,817.0,1092.0
100427,71000,Arrondissement de Hasselt,Arrondissement Hasselt,Bezirk Hasselt,DONATIMMEUB,VI,200.0,136250.0,162500.0,225000.0,388.0,605.0,1039.0
100428,71000,Arrondissement de Hasselt,Arrondissement Hasselt,Bezirk Hasselt,DONATIMMEUB,VII,5.0,120000.0,147500.0,175000.0,961.0,1155.0,1655.0
100432,71000,Arrondissement de Hasselt,Arrondissement Hasselt,Bezirk Hasselt,DONATIMMEUB,XI,9.0,150000.0,150000.0,200000.0,167.0,248.0,307.0
100440,71000,Arrondissement de Hasselt,Arrondissement Hasselt,Bezirk Hasselt,OTHER,I,114.0,1170.0,2993.0,5904.0,1230.0,2580.0,6271.0
100444,71000,Arrondissement de Hasselt,Arrondissement Hasselt,Bezirk Hasselt,OTHER,V,174.0,5160.0,22500.0,28750.0,262.0,440.0,1008.0
100445,71000,Arrondissement de Hasselt,Arrondissement Hasselt,Bezirk Hasselt,OTHER,VI,333.0,143500.0,200000.0,250000.0,509.5,789.5,1052.0
100446,71000,Arrondissement de Hasselt,Arrondissement Hasselt,Bezirk Hasselt,OTHER,VII,11.0,36000.0,93100.0,150200.0,33.0,348.0,1289.0
100452,71000,Arrondissement de Hasselt,Arrondissement Hasselt,Bezirk Hasselt,OTHER,XIII,6.0,7875.0,7875.0,7875.0,669.0,1941.5,3514.0
100456,71000,Arrondissement de Hasselt,Arrondissement Hasselt,Bezirk Hasselt,OTHER,XVII,16.0,1188000.0,1300650.0,1519341.0,1300.0,4468.0,7972.0
100458,71000,Arrondissement de Hasselt,Arrondissement Hasselt,Bezirk Hasselt,PARTAGE,I,9.0,3900.0,3900.0,3900.0,195.0,2980.0,5560.0
100462,71000,Arrondissement de Hasselt,Arrondissement Hasselt,Bezirk Hasselt,PARTAGE,V,27.0,57500.0,57500.0,57500.0,226.0,563.0,925.0
100463,71000,Arrondissement de Hasselt,Arrondissement Hasselt,Bezirk Hasselt,PARTAGE,VI,115.0,68500.0,177500.0,261250.0,324.5,661.0,897.5
100476,71000,Arrondissement de Hasselt,Arrondissement Hasselt,Bezirk Hasselt,SUCCNALAT,I,529.0,3225.0,8295.0,24697.5,1154.0,2620.0,5087.0
100479,71000,Arrondissement de Hasselt,Arrondissement Hasselt,Bezirk Hasselt,SUCCNALAT,IV,12.0,350.0,836.0,1000.0,111.5,230.5,449.0
100480,71000,Arrondissement de Hasselt,Arrondissement Hasselt,Bezirk Hasselt,SUCCNALAT,V,73.0,2640.0,6000.0,110000.0,555.0,1000.0,2436.0
100481,71000,Arrondissement de Hasselt,Arrondissement Hasselt,Bezirk Hasselt,SUCCNALAT,VI,603.0,142750.0,175000.0,200000.0,389.0,737.5,1087.0
100482,71000,Arrondissement de Hasselt,Arrondissement Hasselt,Bezirk Hasselt,SUCCNALAT,VII,24.0,9100.0,150000.0,200000.0,390.5,1237.5,2353.0
100486,71000,Arrondissement de Hasselt,Arrondissement Hasselt,Bezirk Hasselt,SUCCNALAT,XI,8.0,176000.0,225000.0,273500.0,161.5,472.0,761.5
100492,71000,Arrondissement de Hasselt,Arrondissement Hasselt,Bezirk Hasselt,SUCCNALAT,XVII,5.0,5000.0,20000.0,35000.0,11.0,188.0,966.0
100494,71000,Arrondissement de Hasselt,Arrondissement Hasselt,Bezirk Hasselt,VENTEIMMEUB,I,377.0,8100.0,20494.75,128000.0,1062.0,2430.0,4982.0
100498,71000,Arrondissement de Hasselt,Arrondissement Hasselt,Bezirk Hasselt,VENTEIMMEUB,V,472.0,25000.0,110000.0,166075.0,183.0,483.0,764.0
100499,71000,Arrondissement de Hasselt,Arrondissement Hasselt,Bezirk Hasselt,VENTEIMMEUB,VI,1601.0,155000.0,200000.0,260000.0,321.0,625.5,959.5
100500,71000,Arrondissement de Hasselt,Arrondissement Hasselt,Bezirk Hasselt,VENTEIMMEUB,VII,17.0,26700.0,38500.0,315000.0,245.0,876.0,1396.0
100501,71000,Arrondissement de Hasselt,Arrondissement Hasselt,Bezirk Hasselt,VENTEIMMEUB,VIII,10.0,200000.0,840000.0,1050000.0,217.0,799.5,1593.0
100503,71000,Arrondissement de Hasselt,Arrondissement Hasselt,Bezirk Hasselt,VENTEIMMEUB,X,6.0,330000.0,570000.0,750000.0,2842.0,3365.0,10715.0
100504,71000,Arrondissement de Hasselt,Arrondissement Hasselt,Bezirk Hasselt,VENTEIMMEUB,XI,70.0,162500.0,220500.0,350000.0,219.5,458.5,1129.0
100508,71000,Arrondissement de Hasselt,Arrondissement Hasselt,Bezirk Hasselt,VENTEIMMEUB,XV,8.0,25000.0,74500.0,77000.0,587.0,1233.0,1640.0
100510,71000,Arrondissement de Hasselt,Arrondissement Hasselt,Bezirk Hasselt,VENTEIMMEUB,XVII,29.0,130152.0,295000.0,681000.0,326.0,1249.5,4592.0
100516,71000,Arrondissement de Hasselt,Arrondissement Hasselt,Bezirk Hasselt,VENTEPUBIMMEUB,V,7.0,91000.0,137564.0,153005.0,655.0,1022.0,5147.0
100517,71000,Arrondissement de Hasselt,Arrondissement Hasselt,Bezirk Hasselt,VENTEPUBIMMEUB,VI,32.0,114500.0,142000.0,182500.0,409.5,680.5,1643.0
100530,71000,Arrondissement de Hasselt,Arrondissement Hasselt,Bezirk Hasselt,TOTAL,I,1237.0,3807.5,9681.0,35260.0,1143.0,2590.0,5116.0
100531,71000,Arrondissement de Hasselt,Arrondissement Hasselt,Bezirk Hasselt,TOTAL,II,19.0,2000.0,7000.0,12000.0,1457.0,2822.0,5760.0
100533,71000,Arrondissement de Hasselt,Arrondissement Hasselt,Bezirk Hasselt,TOTAL,IV,27.0,350.0,836.0,1000.0,103.0,221.0,580.0
100534,71000,Arrondissement de Hasselt,Arrondissement Hasselt,Bezirk Hasselt,TOTAL,V,901.0,11000.0,100000.0,146320.0,272.0,545.0,945.0
100535,71000,Arrondissement de Hasselt,Arrondissement Hasselt,Bezirk Hasselt,TOTAL,VI,3108.0,150000.0,186500.0,249000.0,377.0,690.0,1012.0
100536,71000,Arrondissement de Hasselt,Arrondissement Hasselt,Bezirk Hasselt,TOTAL,VII,67.0,18000.0,125000.0,175000.0,172.0,810.0,1774.0
100537,71000,Arrondissement de Hasselt,Arrondissement Hasselt,Bezirk Hasselt,TOTAL,VIII,18.0,337000.0,657000.0,945000.0,281.0,955.5,1593.0
100539,71000,Arrondissement de Hasselt,Arrondissement Hasselt,Bezirk Hasselt,TOTAL,X,10.0,330000.0,750000.0,2100650.0,3365.0,10715.0,12134.0
100540,71000,Arrondissement de Hasselt,Arrondissement Hasselt,Bezirk Hasselt,TOTAL,XI,110.0,162000.0,215000.0,330000.0,178.5,363.5,943.5
100542,71000,Arrondissement de Hasselt,Arrondissement Hasselt,Bezirk Hasselt,TOTAL,XIII,8.0,7875.0,136437.5,265000.0,554.5,1406.0,2744.5
100544,71000,Arrondissement de Hasselt,Arrondissement Hasselt,Bezirk Hasselt,TOTAL,XV,20.0,25000.0,74500.0,77000.0,257.0,640.0,1157.5
100546,71000,Arrondissement de Hasselt,Arrondissement Hasselt,Bezirk Hasselt,TOTAL,XVII,62.0,122326.0,350000.0,1084000.0,352.0,1036.0,4792.0
100548,72000,Arrondissement de Maaseik,Arrondissement Maaseik,Bezirk Maaseik,CESSION,I,30.0,2250.0,2250.0,2250.0,1941.0,3925.5,8764.0
100552,72000,Arrondissement de Maaseik,Arrondissement Maaseik,Bezirk Maaseik,CESSION,V,27.0,94000.0,94000.0,94000.0,27.0,234.0,2379.0
100553,72000,Arrondissement de Maaseik,Arrondissement Maaseik,Bezirk Maaseik,CESSION,VI,17.0,125000.0,180000.0,250000.0,479.0,690.0,1075.0
100584,72000,Arrondissement de Maaseik,Arrondissement Maaseik,Bezirk Maaseik,DONATIMMEUB,I,48.0,4836.0,15000.0,50000.0,1285.0,2480.5,7170.0
100588,72000,Arrondissement de Maaseik,Arrondissement Maaseik,Bezirk Maaseik,DONATIMMEUB,V,31.0,50000.0,91500.0,120000.0,460.0,900.0,1327.0
100589,72000,Arrondissement de Maaseik,Arrondissement Maaseik,Bezirk Maaseik,DONATIMMEUB,VI,73.0,150000.0,179250.0,210000.0,433.0,716.0,942.0
100602,72000,Arrondissement de Maaseik,Arrondissement Maaseik,Bezirk Maaseik,OTHER,I,69.0,1250.0,5189.0,14939.5,825.0,1681.0,4216.0
100606,72000,Arrondissement de Maaseik,Arrondissement Maaseik,Bezirk Maaseik,OTHER,V,114.0,9000.0,36083.375,140000.0,185.0,434.5,800.0
100607,72000,Arrondissement de Maaseik,Arrondissement Maaseik,Bezirk Maaseik,OTHER,VI,178.0,68750.0,149500.0,190000.0,498.0,760.0,1093.0
100616,72000,Arrondissement de Maaseik,Arrondissement Maaseik,Bezirk Maaseik,OTHER,XV,5.0,99.0,99.0,99.0,28.0,1500.0,4310.0
100619,72000,Arrondissement de Maaseik,Arrondissement Maaseik,Bezirk Maaseik,OTHER,XVIII,6.0,16000.0,17000.0,18000.0,1132.0,1661.0,4708.0
100620,72000,Arrondissement de Maaseik,Arrondissement Maaseik,Bezirk Maaseik,PARTAGE,I,35.0,27357.0,27357.0,27357.0,1600.0,4330.0,8670.0
100624,72000,Arrondissement de Maaseik,Arrondissement Maaseik,Bezirk Maaseik,PARTAGE,V,37.0,31650.0,86650.0,177500.0,459.0,700.0,900.0
100625,72000,Arrondissement de Maaseik,Arrondissement Maaseik,Bezirk Maaseik,PARTAGE,VI,79.0,45000.0,132500.0,210000.0,466.0,721.0,976.0
100638,72000,Arrondissement de Maaseik,Arrondissement Maaseik,Bezirk Maaseik,SUCCNALAT,I,248.0,3124.0,8062.0,20000.0,939.5,2149.0,4368.5
100642,72000,Arrondissement de Maaseik,Arrondissement Maaseik,Bezirk Maaseik,SUCCNALAT,V,38.0,20000.0,102500.0,125000.0,635.0,857.0,1302.0
100643,72000,Arrondissement de Maaseik,Arrondissement Maaseik,Bezirk Maaseik,SUCCNALAT,VI,220.0,166000.0,185000.0,220000.0,543.0,865.0,1220.0
100644,72000,Arrondissement de Maaseik,Arrondissement Maaseik,Bezirk Maaseik,SUCCNALAT,VII,9.0,130000.0,130000.0,130000.0,565.0,1440.0,2937.0
100648,72000,Arrondissement de Maaseik,Arrondissement Maaseik,Bezirk Maaseik,SUCCNALAT,XI,9.0,75000.0,287500.0,500000.0,316.0,695.0,895.0
100656,72000,Arrondissement de Maaseik,Arrondissement Maaseik,Bezirk Maaseik,VENTEIMMEUB,I,269.0,7000.0,22500.0,100000.0,890.0,1960.0,5559.0
100659,72000,Arrondissement de Maaseik,Arrondissement Maaseik,Bezirk Maaseik,VENTEIMMEUB,IV,9.0,200.0,886.0,2950.0,353.0,590.0,1213.0
100660,72000,Arrondissement de Maaseik,Arrondissement Maaseik,Bezirk Maaseik,VENTEIMMEUB,V,337.0,14355.0,87490.0,135000.0,139.0,434.0,800.0
100661,72000,Arrondissement de Maaseik,Arrondissement Maaseik,Bezirk Maaseik,VENTEIMMEUB,VI,633.0,170000.0,208750.0,267000.0,477.0,734.0,1143.0
100662,72000,Arrondissement de Maaseik,Arrondissement Maaseik,Bezirk Maaseik,VENTEIMMEUB,VII,18.0,80000.0,200000.0,300000.0,593.0,1895.0,4179.0
100663,72000,Arrondissement de Maaseik,Arrondissement Maaseik,Bezirk Maaseik,VENTEIMMEUB,VIII,7.0,290000.0,337333.0,360000.0,457.0,1794.0,6957.0
100665,72000,Arrondissement de Maaseik,Arrondissement Maaseik,Bezirk Maaseik,VENTEIMMEUB,X,5.0,215000.0,230290.0,245580.0,684.0,879.0,1149.0
100666,72000,Arrondissement de Maaseik,Arrondissement Maaseik,Bezirk Maaseik,VENTEIMMEUB,XI,22.0,155000.0,239500.0,380000.0,231.0,441.0,530.0
100670,72000,Arrondissement de Maaseik,Arrondissement Maaseik,Bezirk Maaseik,VENTEIMMEUB,XV,11.0,68500.0,96750.0,125000.0,50.0,560.0,1309.0
100672,72000,Arrondissement de Maaseik,Arrondissement Maaseik,Bezirk Maaseik,VENTEIMMEUB,XVII,20.0,131300.0,230000.0,236000.0,406.0,1303.0,2391.0
100678,72000,Arrondissement de Maaseik,Arrondissement Maaseik,Bezirk Maaseik,VENTEPUBIMMEUB,V,5.0,77000.0,81000.0,85000.0,478.0,2070.0,14106.0
100679,72000,Arrondissement de Maaseik,Arrondissement Maaseik,Bezirk Maaseik,VENTEPUBIMMEUB,VI,11.0,130500.0,146500.0,198600.0,600.0,749.0,1194.0
100692,72000,Arrondissement de Maaseik,Arrondissement Maaseik,Bezirk Maaseik,TOTAL,I,748.0,4745.0,15000.0,61680.0,959.0,2160.0,5168.0
100695,72000,Arrondissement de Maaseik,Arrondissement Maaseik,Bezirk Maaseik,TOTAL,IV,17.0,543.0,1918.0,3325.0,350.0,507.0,720.0
100696,72000,Arrondissement de Maaseik,Arrondissement Maaseik,Bezirk Maaseik,TOTAL,V,603.0,20000.0,87495.0,129000.0,189.0,489.0,900.0
100697,72000,Arrondissement de Maaseik,Arrondissement Maaseik,Bezirk Maaseik,TOTAL,VI,1276.0,162500.0,198750.0,250000.0,496.0,777.0,1125.0
100698,72000,Arrondissement de Maaseik,Arrondissement Maaseik,Bezirk Maaseik,TOTAL,VII,38.0,100897.0,130000.0,200000.0,565.0,1626.0,3900.0
100699,72000,Arrondissement de Maaseik,Arrondissement Maaseik,Bezirk Maaseik,TOTAL,VIII,12.0,140000.0,295000.0,337333.0,363.5,807.5,3347.5
100701,72000,Arrondissement de Maaseik,Arrondissement Maaseik,Bezirk Maaseik,TOTAL,X,7.0,215000.0,245580.0,300000.0,684.0,1149.0,5337.0
100702,72000,Arrondissement de Maaseik,Arrondissement Maaseik,Bezirk Maaseik,TOTAL,XI,42.0,150000.0,239500.0,410000.0,316.0,521.0,895.0
100706,72000,Arrondissement de Maaseik,Arrondissement Maaseik,Bezirk Maaseik,TOTAL,XV,22.0,22500.0,68500.0,125000.0,29.0,560.0,1790.0
100708,72000,Arrondissement de Maaseik,Arrondissement Maaseik,Bezirk Maaseik,TOTAL,XVII,45.0,130000.0,180000.0,236000.0,1132.0,1476.0,3000.0
100709,72000,Arrondissement de Maaseik,Arrondissement Maaseik,Bezirk Maaseik,TOTAL,XVIII,6.0,16000.0,17000.0,18000.0,1132.0,1661.0,4708.0
100710,73000,Arrondissement de Tongres,Arrondissement Tongeren,Bezirk Tongeren,CESSION,I,31.0,46328.62,46328.62,46328.62,810.0,1711.0,4040.0
100714,73000,Arrondissement de Tongres,Arrondissement Tongeren,Bezirk Tongeren,CESSION,V,17.0,50933.0,114000.0,191500.0,65.0,465.0,846.0
100715,73000,Arrondissement de Tongres,Arrondissement Tongeren,Bezirk Tongeren,CESSION,VI,54.0,140000.0,200000.0,300000.0,246.5,583.5,1109.5
100720,73000,Arrondissement de Tongres,Arrondissement Tongeren,Bezirk Tongeren,CESSION,XI,6.0,245000.0,245000.0,245000.0,241.0,329.5,585.0
100746,73000,Arrondissement de Tongres,Arrondissement Tongeren,Bezirk Tongeren,DONATIMMEUB,I,103.0,9190.0,56400.0,115000.0,922.0,2000.0,4088.0
100750,73000,Arrondissement de Tongres,Arrondissement Tongeren,Bezirk Tongeren,DONATIMMEUB,V,19.0,71610.0,77220.0,120000.0,371.0,550.0,868.0
100751,73000,Arrondissement de Tongres,Arrondissement Tongeren,Bezirk Tongeren,DONATIMMEUB,VI,86.0,132500.0,151500.0,215000.0,345.0,638.0,1248.0
100764,73000,Arrondissement de Tongres,Arrondissement Tongeren,Bezirk Tongeren,OTHER,I,84.0,2950.0,2950.0,2950.0,1090.0,2940.0,5368.5
100768,73000,Arrondissement de Tongres,Arrondissement Tongeren,Bezirk Tongeren,OTHER,V,84.0,337.5,12668.75,25000.0,171.5,400.0,981.5
100769,73000,Arrondissement de Tongres,Arrondissement Tongeren,Bezirk Tongeren,OTHER,VI,187.0,200000.0,230000.0,310000.0,339.5,607.5,1000.5
100778,73000,Arrondissement de Tongres,Arrondissement Tongeren,Bezirk Tongeren,OTHER,XV,8.0,88209.185,143218.37,145109.185,285.0,350.5,3271.5
100782,73000,Arrondissement de Tongres,Arrondissement Tongeren,Bezirk Tongeren,PARTAGE,I,59.0,85000.0,123750.0,162500.0,1518.0,2596.0,4381.0
100787,73000,Arrondissement de Tongres,Arrondissement Tongeren,Bezirk Tongeren,PARTAGE,VI,80.0,140000.0,190000.0,240000.0,325.0,585.5,1248.5
100800,73000,Arrondissement de Tongres,Arrondissement Tongeren,Bezirk Tongeren,SUCCNALAT,I,543.0,3000.0,8872.5,30250.0,910.0,1700.0,3430.0
100804,73000,Arrondissement de Tongres,Arrondissement Tongeren,Bezirk Tongeren,SUCCNALAT,V,29.0,75000.0,81250.0,85650.0,368.0,571.0,920.0
100805,73000,Arrondissement de Tongres,Arrondissement Tongeren,Bezirk Tongeren,SUCCNALAT,VI,338.0,130000.0,162500.0,200000.0,381.5,652.5,1005.5
100806,73000,Arrondissement de Tongres,Arrondissement Tongeren,Bezirk Tongeren,SUCCNALAT,VII,33.0,51450.0,136000.0,213252.5,214.0,650.0,1680.0
100810,73000,Arrondissement de Tongres,Arrondissement Tongeren,Bezirk Tongeren,SUCCNALAT,XI,6.0,65000.0,145000.0,225000.0,436.0,648.5,1000.0
100814,73000,Arrondissement de Tongres,Arrondissement Tongeren,Bezirk Tongeren,SUCCNALAT,XV,7.0,10000.0,10000.0,10000.0,30.0,127.0,414.0
100818,73000,Arrondissement de Tongres,Arrondissement Tongeren,Bezirk Tongeren,VENTEIMMEUB,I,357.0,7000.0,16250.0,30250.0,1260.0,2577.0,4794.0
100822,73000,Arrondissement de Tongres,Arrondissement Tongeren,Bezirk Tongeren,VENTEIMMEUB,V,229.0,67575.0,114000.0,199803.4,229.0,392.0,603.0
100823,73000,Arrondissement de Tongres,Arrondissement Tongeren,Bezirk Tongeren,VENTEIMMEUB,VI,703.0,136000.0,181000.0,239000.0,285.0,547.0,844.0
100824,73000,Arrondissement de Tongres,Arrondissement Tongeren,Bezirk Tongeren,VENTEIMMEUB,VII,27.0,85000.0,146500.0,200000.0,70.0,644.0,1110.0
100825,73000,Arrondissement de Tongres,Arrondissement Tongeren,Bezirk Tongeren,VENTEIMMEUB,VIII,5.0,500000.0,500000.0,500000.0,87.0,607.0,2151.0
100828,73000,Arrondissement de Tongres,Arrondissement Tongeren,Bezirk Tongeren,VENTEIMMEUB,XI,23.0,125000.0,193625.0,300000.0,172.0,382.0,613.0
100834,73000,Arrondissement de Tongres,Arrondissement Tongeren,Bezirk Tongeren,VENTEIMMEUB,XVII,18.0,158000.0,175500.0,517500.0,17.0,20.0,2228.0
100841,73000,Arrondissement de Tongres,Arrondissement Tongeren,Bezirk Tongeren,VENTEPUBIMMEUB,VI,14.0,95000.0,140000.0,163200.0,193.0,416.0,565.0
100854,73000,Arrondissement de Tongres,Arrondissement Tongeren,Bezirk Tongeren,TOTAL,I,1235.0,3520.0,12000.0,35178.0,981.0,2020.0,4141.0
100858,73000,Arrondissement de Tongres,Arrondissement Tongeren,Bezirk Tongeren,TOTAL,V,406.0,67500.0,97500.0,198860.0,207.0,415.5,811.0
100859,73000,Arrondissement de Tongres,Arrondissement Tongeren,Bezirk Tongeren,TOTAL,VI,1536.0,138000.0,180000.0,230000.0,319.0,599.5,966.0
100860,73000,Arrondissement de Tongres,Arrondissement Tongeren,Bezirk Tongeren,TOTAL,VII,79.0,80000.0,140000.0,200000.0,137.0,706.0,1710.0
100861,73000,Arrondissement de Tongres,Arrondissement Tongeren,Bezirk Tongeren,TOTAL,VIII,9.0,500000.0,500000.0,500000.0,87.0,607.0,6543.0
100864,73000,Arrondissement de Tongres,Arrondissement Tongeren,Bezirk Tongeren,TOTAL,XI,51.0,125000.0,200000.0,300000.0,202.5,381.0,747.5
100868,73000,Arrondissement de Tongres,Arrondissement Tongeren,Bezirk Tongeren,TOTAL,XV,21.0,33200.0,143218.37,147000.0,38.0,279.0,406.0
100870,73000,Arrondissement de Tongres,Arrondissement Tongeren,Bezirk Tongeren,TOTAL,XVII,27.0,166000.0,185000.0,550000.0,9.5,22.5,1793.0
100872,81000,Arrondissement d'Arlon,Arrondissement Aarlen,Bezirk Arlon,CESSION,I,14.0,60000.0,60000.0,60000.0,1669.0,2835.0,3352.0
100877,81000,Arrondissement d'Arlon,Arrondissement Aarlen,Bezirk Arlon,CESSION,VI,24.0,160000.0,180000.0,335000.0,266.0,468.5,1109.0
100908,81000,Arrondissement d'Arlon,Arrondissement Aarlen,Bezirk Arlon,DONATIMMEUB,I,83.0,51000.0,55000.0,300000.0,1400.0,2200.0,3160.0
100913,81000,Arrondissement d'Arlon,Arrondissement Aarlen,Bezirk Arlon,DONATIMMEUB,VI,9.0,160000.0,160000.0,160000.0,101.5,387.5,687.0
100930,81000,Arrondissement d'Arlon,Arrondissement Aarlen,Bezirk Arlon,OTHER,V,17.0,1000.0,1000.0,1000.0,286.0,318.0,1000.0
100931,81000,Arrondissement d'Arlon,Arrondissement Aarlen,Bezirk Arlon,OTHER,VI,23.0,180000.0,195000.0,210000.0,115.0,460.0,842.0
100948,81000,Arrondissement d'Arlon,Arrondissement Aarlen,Bezirk Arlon,PARTAGE,V,7.0,144455.0,144455.0,144455.0,475.0,2020.0,8800.0
100949,81000,Arrondissement d'Arlon,Arrondissement Aarlen,Bezirk Arlon,PARTAGE,VI,21.0,200000.0,270000.0,350000.0,382.0,510.0,1200.0
100962,81000,Arrondissement d'Arlon,Arrondissement Aarlen,Bezirk Arlon,SUCCNALAT,I,172.0,535.0,1395.0,4000.0,1280.0,2475.0,4377.5
100966,81000,Arrondissement d'Arlon,Arrondissement Aarlen,Bezirk Arlon,SUCCNALAT,V,9.0,473.45,1070.55,53515.05,674.0,910.0,1580.0
100967,81000,Arrondissement d'Arlon,Arrondissement Aarlen,Bezirk Arlon,SUCCNALAT,VI,115.0,142500.0,195000.0,250000.0,342.0,565.0,894.0
100968,81000,Arrondissement d'Arlon,Arrondissement Aarlen,Bezirk Arlon,SUCCNALAT,VII,5.0,150000.0,150000.0,150000.0,30.0,34.0,40.0
100980,81000,Arrondissement d'Arlon,Arrondissement Aarlen,Bezirk Arlon,VENTEIMMEUB,I,238.0,1250.0,3250.0,38010.0,1130.0,1940.0,3350.0
100984,81000,Arrondissement d'Arlon,Arrondissement Aarlen,Bezirk Arlon,VENTEIMMEUB,V,59.0,70000.0,133000.0,165000.0,218.0,467.0,1045.0
100985,81000,Arrondissement d'Arlon,Arrondissement Aarlen,Bezirk Arlon,VENTEIMMEUB,VI,419.0,111000.0,173500.0,259900.0,130.0,330.5,784.0
100986,81000,Arrondissement d'Arlon,Arrondissement Aarlen,Bezirk Arlon,VENTEIMMEUB,VII,10.0,250470.0,250470.0,250470.0,47.0,221.5,375.0
100996,81000,Arrondissement d'Arlon,Arrondissement Aarlen,Bezirk Arlon,VENTEIMMEUB,XVII,13.0,105000.0,280000.0,371470.0,165.5,569.0,1194.5
101003,81000,Arrondissement d'Arlon,Arrondissement Aarlen,Bezirk Arlon,VENTEPUBIMMEUB,VI,5.0,156003.96,156003.96,156003.96,380.0,395.0,502.0
101016,81000,Arrondissement d'Arlon,Arrondissement Aarlen,Bezirk Arlon,TOTAL,I,616.0,600.0,1730.0,8845.0,1264.0,2175.0,3660.0
101020,81000,Arrondissement d'Arlon,Arrondissement Aarlen,Bezirk Arlon,TOTAL,V,104.0,49363.0,110000.0,155000.0,258.5,592.5,1462.5
101021,81000,Arrondissement d'Arlon,Arrondissement Aarlen,Bezirk Arlon,TOTAL,VI,628.0,140000.0,185000.0,258000.0,190.0,438.5,841.5
101022,81000,Arrondissement d'Arlon,Arrondissement Aarlen,Bezirk Arlon,TOTAL,VII,25.0,150000.0,200235.0,250470.0,35.0,267.0,989.0
101026,81000,Arrondissement d'Arlon,Arrondissement Aarlen,Bezirk Arlon,TOTAL,XI,11.0,200000.0,225000.0,300000.0,170.0,374.0,541.0
101032,81000,Arrondissement d'Arlon,Arrondissement Aarlen,Bezirk Arlon,TOTAL,XVII,18.0,135000.0,280000.0,280000.0,168.0,416.0,1279.0
101039,82000,Arrondissement de Bastogne,Arrondissement Bastenaken,Bezirk Bastogne,CESSION,VI,36.0,130000.0,174372.25,280000.0,638.5,1062.5,1501.0
101074,82000,Arrondissement de Bastogne,Arrondissement Bastenaken,Bezirk Bastogne,DONATIMMEUB,V,40.0,17000.0,17000.0,17000.0,708.0,1065.5,1841.0
101075,82000,Arrondissement de Bastogne,Arrondissement Bastenaken,Bezirk Bastogne,DONATIMMEUB,VI,15.0,75000.0,165000.0,175000.0,450.0,678.0,903.0
101086,82000,Arrondissement de Bastogne,Arrondissement Bastenaken,Bezirk Bastogne,DONATIMMEUB,XVII,5.0,15000.0,32500.0,50000.0,96.0,323.0,720.0
101092,82000,Arrondissement de Bastogne,Arrondissement Bastenaken,Bezirk Bastogne,OTHER,V,18.0,50000.0,50000.0,50000.0,101.0,1062.5,1684.0
101093,82000,Arrondissement de Bastogne,Arrondissement Bastenaken,Bezirk Bastogne,OTHER,VI,17.0,172500.0,194376.5,226876.5,72.0,955.0,1278.0
101111,82000,Arrondissement de Bastogne,Arrondissement Bastenaken,Bezirk Bastogne,PARTAGE,VI,6.0,265000.0,265000.0,265000.0,849.0,1209.5,1459.0
101124,82000,Arrondissement de Bastogne,Arrondissement Bastenaken,Bezirk Bastogne,SUCCNALAT,I,310.0,273.25,1559.5,7501.0,860.0,1955.0,4774.0
101127,82000,Arrondissement de Bastogne,Arrondissement Bastenaken,Bezirk Bastogne,SUCCNALAT,IV,14.0,1.12,1.12,1.12,100.0,197.0,473.0
101128,82000,Arrondissement de Bastogne,Arrondissement Bastenaken,Bezirk Bastogne,SUCCNALAT,V,20.0,924.96,10710.0,35000.0,540.0,1098.5,1640.5
101129,82000,Arrondissement de Bastogne,Arrondissement Bastenaken,Bezirk Bastogne,SUCCNALAT,VI,77.0,110000.0,150000.0,180000.0,367.5,778.0,1321.0
101130,82000,Arrondissement de Bastogne,Arrondissement Bastenaken,Bezirk Bastogne,SUCCNALAT,VII,12.0,60000.0,78000.0,110000.0,594.5,1562.0,2830.0
101138,82000,Arrondissement de Bastogne,Arrondissement Bastenaken,Bezirk Bastogne,SUCCNALAT,XV,5.0,80000.0,82500.0,85000.0,611.0,965.0,1090.0
101142,82000,Arrondissement de Bastogne,Arrondissement Bastenaken,Bezirk Bastogne,VENTEIMMEUB,I,377.0,950.0,2000.0,9397.5,1280.0,2570.0,4904.0
101146,82000,Arrondissement de Bastogne,Arrondissement Bastenaken,Bezirk Bastogne,VENTEIMMEUB,V,99.0,29050.0,40500.0,51121.0,519.0,1089.0,1551.0
101147,82000,Arrondissement de Bastogne,Arrondissement Bastenaken,Bezirk Bastogne,VENTEIMMEUB,VI,143.0,85000.0,167500.0,220000.0,259.5,585.5,1229.5
101148,82000,Arrondissement de Bastogne,Arrondissement Bastenaken,Bezirk Bastogne,VENTEIMMEUB,VII,10.0,15001.0,15001.0,15001.0,134.0,455.0,1695.0
101152,82000,Arrondissement de Bastogne,Arrondissement Bastenaken,Bezirk Bastogne,VENTEIMMEUB,XI,10.0,65000.0,225000.0,385000.0,144.5,205.0,343.5
101156,82000,Arrondissement de Bastogne,Arrondissement Bastenaken,Bezirk Bastogne,VENTEIMMEUB,XV,60.0,100934.39,116253.21,125279.49,37.5,40.0,52.0
101158,82000,Arrondissement de Bastogne,Arrondissement Bastenaken,Bezirk Bastogne,VENTEIMMEUB,XVII,6.0,1125.0,63700.0,152600.0,67.0,393.0,2113.0
101165,82000,Arrondissement de Bastogne,Arrondissement Bastenaken,Bezirk Bastogne,VENTEPUBIMMEUB,VI,5.0,124000.0,124275.98,124551.96,145.0,1015.0,1040.0
101178,82000,Arrondissement de Bastogne,Arrondissement Bastenaken,Bezirk Bastogne,TOTAL,I,913.0,535.0,1800.0,8230.0,1180.0,2584.0,5370.0
101181,82000,Arrondissement de Bastogne,Arrondissement Bastenaken,Bezirk Bastogne,TOTAL,IV,24.0,1.12,1.12,1.12,96.0,180.5,265.0
101182,82000,Arrondissement de Bastogne,Arrondissement Bastenaken,Bezirk Bastogne,TOTAL,V,209.0,18500.0,40000.0,50242.0,555.0,1065.0,1620.0
101183,82000,Arrondissement de Bastogne,Arrondissement Bastenaken,Bezirk Bastogne,TOTAL,VI,311.0,110000.0,160000.0,215000.0,310.5,795.0,1282.0
101184,82000,Arrondissement de Bastogne,Arrondissement Bastenaken,Bezirk Bastogne,TOTAL,VII,38.0,42500.0,75500.0,105000.0,215.0,879.0,2250.0
101188,82000,Arrondissement de Bastogne,Arrondissement Bastenaken,Bezirk Bastogne,TOTAL,XI,13.0,65000.0,225000.0,385000.0,109.0,170.0,430.0
101192,82000,Arrondissement de Bastogne,Arrondissement Bastenaken,Bezirk Bastogne,TOTAL,XV,69.0,99592.79,106279.32,125279.49,38.0,40.0,52.0
101194,82000,Arrondissement de Bastogne,Arrondissement Bastenaken,Bezirk Bastogne,TOTAL,XVII,13.0,2200.0,32500.0,125200.0,67.0,323.0,2113.0
101196,83000,Arrondissement de Marche-en-Famenne,Arrondissement Marche-en-Famenne,Bezirk Marche-en-Famenne,CESSION,I,84.0,28000.0,28000.0,28000.0,1105.0,2180.0,4305.0
101200,83000,Arrondissement de Marche-en-Famenne,Arrondissement Marche-en-Famenne,Bezirk Marche-en-Famenne,CESSION,V,9.0,60000.0,60000.0,60000.0,547.0,978.0,1125.0
101201,83000,Arrondissement de Marche-en-Famenne,Arrondissement Marche-en-Famenne,Bezirk Marche-en-Famenne,CESSION,VI,34.0,170500.0,210000.0,251399.175,720.0,1125.0,1660.0
101210,83000,Arrondissement de Marche-en-Famenne,Arrondissement Marche-en-Famenne,Bezirk Marche-en-Famenne,CESSION,XV,8.0,120000.0,120000.0,120000.0,16.5,29.0,674.5
101236,83000,Arrondissement de Marche-en-Famenne,Arrondissement Marche-en-Famenne,Bezirk Marche-en-Famenne,DONATIMMEUB,V,10.0,15000.0,15000.0,15000.0,735.0,779.5,1013.0
101237,83000,Arrondissement de Marche-en-Famenne,Arrondissement Marche-en-Famenne,Bezirk Marche-en-Famenne,DONATIMMEUB,VI,19.0,75000.0,125000.0,125000.0,100.0,588.0,1782.0
101254,83000,Arrondissement de Marche-en-Famenne,Arrondissement Marche-en-Famenne,Bezirk Marche-en-Famenne,OTHER,V,22.0,66150.0,66150.0,66150.0,26.0,681.5,1354.0
101255,83000,Arrondissement de Marche-en-Famenne,Arrondissement Marche-en-Famenne,Bezirk Marche-en-Famenne,OTHER,VI,54.0,100000.0,194000.0,206200.0,374.0,878.0,1080.0
101260,83000,Arrondissement de Marche-en-Famenne,Arrondissement Marche-en-Famenne,Bezirk Marche-en-Famenne,OTHER,XI,7.0,170000.0,287500.0,405000.0,102.0,196.0,2111.0
101273,83000,Arrondissement de Marche-en-Famenne,Arrondissement Marche-en-Famenne,Bezirk Marche-en-Famenne,PARTAGE,VI,11.0,160000.0,175000.0,190000.0,839.0,1165.0,1927.0
101286,83000,Arrondissement de Marche-en-Famenne,Arrondissement Marche-en-Famenne,Bezirk Marche-en-Famenne,SUCCNALAT,I,336.0,980.0,2000.0,5000.0,1050.0,2195.0,4470.0
101289,83000,Arrondissement de Marche-en-Famenne,Arrondissement Marche-en-Famenne,Bezirk Marche-en-Famenne,SUCCNALAT,IV,10.0,3.02,100.0,700.0,121.0,171.0,330.0
101290,83000,Arrondissement de Marche-en-Famenne,Arrondissement Marche-en-Famenne,Bezirk Marche-en-Famenne,SUCCNALAT,V,30.0,480.0,1400.0,40000.0,600.0,1185.0,1992.0
101291,83000,Arrondissement de Marche-en-Famenne,Arrondissement Marche-en-Famenne,Bezirk Marche-en-Famenne,SUCCNALAT,VI,106.0,125000.0,150000.0,200000.0,349.5,952.0,1579.0
101292,83000,Arrondissement de Marche-en-Famenne,Arrondissement Marche-en-Famenne,Bezirk Marche-en-Famenne,SUCCNALAT,VII,15.0,122.5,107500.0,130000.0,98.0,184.0,1959.0
101300,83000,Arrondissement de Marche-en-Famenne,Arrondissement Marche-en-Famenne,Bezirk Marche-en-Famenne,SUCCNALAT,XV,17.0,12000.0,40000.0,70000.0,300.0,834.0,1030.0
101304,83000,Arrondissement de Marche-en-Famenne,Arrondissement Marche-en-Famenne,Bezirk Marche-en-Famenne,VENTEIMMEUB,I,461.0,1230.0,3450.0,19000.0,1140.0,2539.0,5450.0
101305,83000,Arrondissement de Marche-en-Famenne,Arrondissement Marche-en-Famenne,Bezirk Marche-en-Famenne,VENTEIMMEUB,II,6.0,7500.0,7500.0,7500.0,280.0,2082.5,3915.0
101307,83000,Arrondissement de Marche-en-Famenne,Arrondissement Marche-en-Famenne,Bezirk Marche-en-Famenne,VENTEIMMEUB,IV,10.0,1200.0,200600.0,400000.0,80.0,212.5,453.0
101308,83000,Arrondissement de Marche-en-Famenne,Arrondissement Marche-en-Famenne,Bezirk Marche-en-Famenne,VENTEIMMEUB,V,120.0,29000.0,47425.0,70000.0,626.5,1167.5,1937.5
101309,83000,Arrondissement de Marche-en-Famenne,Arrondissement Marche-en-Famenne,Bezirk Marche-en-Famenne,VENTEIMMEUB,VI,228.0,105000.0,160000.0,225000.0,227.0,638.0,1177.0
101310,83000,Arrondissement de Marche-en-Famenne,Arrondissement Marche-en-Famenne,Bezirk Marche-en-Famenne,VENTEIMMEUB,VII,18.0,218750.0,218750.0,218750.0,134.0,260.0,1150.0
101314,83000,Arrondissement de Marche-en-Famenne,Arrondissement Marche-en-Famenne,Bezirk Marche-en-Famenne,VENTEIMMEUB,XI,9.0,74000.0,117500.0,175000.0,78.5,150.0,772.0
101318,83000,Arrondissement de Marche-en-Famenne,Arrondissement Marche-en-Famenne,Bezirk Marche-en-Famenne,VENTEIMMEUB,XV,39.0,34500.0,72000.0,116000.0,210.0,550.0,1039.0
101320,83000,Arrondissement de Marche-en-Famenne,Arrondissement Marche-en-Famenne,Bezirk Marche-en-Famenne,VENTEIMMEUB,XVII,11.0,12500.0,68750.0,125000.0,52.0,239.0,649.0
101340,83000,Arrondissement de Marche-en-Famenne,Arrondissement Marche-en-Famenne,Bezirk Marche-en-Famenne,TOTAL,I,1198.0,992.0,2362.0,6000.0,1060.0,2240.0,4640.0
101341,83000,Arrondissement de Marche-en-Famenne,Arrondissement Marche-en-Famenne,Bezirk Marche-en-Famenne,TOTAL,II,8.0,2340.0,4920.0,7500.0,280.0,2082.5,4718.0
101343,83000,Arrondissement de Marche-en-Famenne,Arrondissement Marche-en-Famenne,Bezirk Marche-en-Famenne,TOTAL,IV,23.0,51.51,400.0,38100.0,104.0,230.0,596.0
101344,83000,Arrondissement de Marche-en-Famenne,Arrondissement Marche-en-Famenne,Bezirk Marche-en-Famenne,TOTAL,V,207.0,15150.0,45500.0,66150.0,633.0,1082.0,1785.0
101345,83000,Arrondissement de Marche-en-Famenne,Arrondissement Marche-en-Famenne,Bezirk Marche-en-Famenne,TOTAL,VI,466.0,119500.0,160000.0,220000.0,322.0,824.0,1344.0
101346,83000,Arrondissement de Marche-en-Famenne,Arrondissement Marche-en-Famenne,Bezirk Marche-en-Famenne,TOTAL,VII,42.0,122.5,125000.0,218750.0,110.0,261.0,1875.0
101350,83000,Arrondissement de Marche-en-Famenne,Arrondissement Marche-en-Famenne,Bezirk Marche-en-Famenne,TOTAL,XI,23.0,140000.0,165000.0,190000.0,100.0,200.0,2262.0
101354,83000,Arrondissement de Marche-en-Famenne,Arrondissement Marche-en-Famenne,Bezirk Marche-en-Famenne,TOTAL,XV,71.0,25000.0,59000.0,90000.0,200.0,607.0,1160.0
101356,83000,Arrondissement de Marche-en-Famenne,Arrondissement Marche-en-Famenne,Bezirk Marche-en-Famenne,TOTAL,XVII,23.0,45000.0,121000.0,125000.0,110.0,416.0,1683.0
101358,84000,Arrondissement de Neufchâteau,Arrondissement Neufchâteau,Bezirk Neufchâteau,CESSION,I,18.0,1150.0,7422.625,30337.225,2200.0,4367.5,8280.0
101363,84000,Arrondissement de Neufchâteau,Arrondissement Neufchâteau,Bezirk Neufchâteau,CESSION,VI,39.0,139999.98,170000.0,300000.0,207.0,478.0,1076.0
101394,84000,Arrondissement de Neufchâteau,Arrondissement Neufchâteau,Bezirk Neufchâteau,DONATIMMEUB,I,20.0,20000.0,20000.0,20000.0,1527.0,3923.5,11735.0
101398,84000,Arrondissement de Neufchâteau,Arrondissement Neufchâteau,Bezirk Neufchâteau,DONATIMMEUB,V,7.0,650.0,1350.0,14900.0,289.0,928.0,1654.0
101399,84000,Arrondissement de Neufchâteau,Arrondissement Neufchâteau,Bezirk Neufchâteau,DONATIMMEUB,VI,14.0,26500.0,42500.0,67500.0,238.0,555.0,952.0
101416,84000,Arrondissement de Neufchâteau,Arrondissement Neufchâteau,Bezirk Neufchâteau,OTHER,V,18.0,150000.0,150000.0,150000.0,396.0,647.5,1240.0
101417,84000,Arrondissement de Neufchâteau,Arrondissement Neufchâteau,Bezirk Neufchâteau,OTHER,VI,19.0,16500.0,98250.0,180000.0,214.5,375.0,1130.5
101435,84000,Arrondissement de Neufchâteau,Arrondissement Neufchâteau,Bezirk Neufchâteau,PARTAGE,VI,7.0,258000.0,258000.0,258000.0,190.0,1480.0,1689.0
101448,84000,Arrondissement de Neufchâteau,Arrondissement Neufchâteau,Bezirk Neufchâteau,SUCCNALAT,I,600.0,750.0,1836.0,6800.0,1540.0,2885.0,5562.0
101451,84000,Arrondissement de Neufchâteau,Arrondissement Neufchâteau,Bezirk Neufchâteau,SUCCNALAT,IV,10.0,27.15,162.5,966.0,50.0,145.5,382.0
101452,84000,Arrondissement de Neufchâteau,Arrondissement Neufchâteau,Bezirk Neufchâteau,SUCCNALAT,V,45.0,1484.4,9937.0,18929.0,973.0,1316.0,3560.0
101453,84000,Arrondissement de Neufchâteau,Arrondissement Neufchâteau,Bezirk Neufchâteau,SUCCNALAT,VI,131.0,85000.0,125000.0,150000.0,237.5,597.0,1202.0
101454,84000,Arrondissement de Neufchâteau,Arrondissement Neufchâteau,Bezirk Neufchâteau,SUCCNALAT,VII,30.0,500.0,77500.0,120000.0,131.0,386.0,1887.0
101462,84000,Arrondissement de Neufchâteau,Arrondissement Neufchâteau,Bezirk Neufchâteau,SUCCNALAT,XV,6.0,6000.0,15000.0,110000.0,70.0,213.5,764.0
101466,84000,Arrondissement de Neufchâteau,Arrondissement Neufchâteau,Bezirk Neufchâteau,VENTEIMMEUB,I,268.0,800.0,2515.0,6500.0,1550.0,2807.0,5195.0
101469,84000,Arrondissement de Neufchâteau,Arrondissement Neufchâteau,Bezirk Neufchâteau,VENTEIMMEUB,IV,9.0,500.0,500.0,500.0,30.0,100.0,136.0
101470,84000,Arrondissement de Neufchâteau,Arrondissement Neufchâteau,Bezirk Neufchâteau,VENTEIMMEUB,V,79.0,13750.0,40500.0,59000.0,790.0,1105.0,1508.0
101471,84000,Arrondissement de Neufchâteau,Arrondissement Neufchâteau,Bezirk Neufchâteau,VENTEIMMEUB,VI,196.0,99000.0,150000.0,222000.0,160.0,467.0,1114.0
101472,84000,Arrondissement de Neufchâteau,Arrondissement Neufchâteau,Bezirk Neufchâteau,VENTEIMMEUB,VII,14.0,85000.0,140000.0,185000.0,385.0,795.5,1393.0
101476,84000,Arrondissement de Neufchâteau,Arrondissement Neufchâteau,Bezirk Neufchâteau,VENTEIMMEUB,XI,6.0,110000.0,180000.0,210000.0,150.0,200.0,270.0
101480,84000,Arrondissement de Neufchâteau,Arrondissement Neufchâteau,Bezirk Neufchâteau,VENTEIMMEUB,XV,13.0,53000.0,77000.0,130000.0,330.0,360.0,660.0
101489,84000,Arrondissement de Neufchâteau,Arrondissement Neufchâteau,Bezirk Neufchâteau,VENTEPUBIMMEUB,VI,6.0,67139.96,165000.0,210959.71,312.0,689.5,1048.0
101502,84000,Arrondissement de Neufchâteau,Arrondissement Neufchâteau,Bezirk Neufchâteau,TOTAL,I,991.0,770.0,1912.5,7042.5,1540.0,2960.0,5646.0
101503,84000,Arrondissement de Neufchâteau,Arrondissement Neufchâteau,Bezirk Neufchâteau,TOTAL,II,5.0,40000.0,40000.0,40000.0,1345.0,1876.0,5035.0
101505,84000,Arrondissement de Neufchâteau,Arrondissement Neufchâteau,Bezirk Neufchâteau,TOTAL,IV,20.0,27.15,225.0,966.0,44.5,115.5,371.0
101506,84000,Arrondissement de Neufchâteau,Arrondissement Neufchâteau,Bezirk Neufchâteau,TOTAL,V,162.0,5550.0,28000.0,50000.0,703.0,1098.5,1623.0
101507,84000,Arrondissement de Neufchâteau,Arrondissement Neufchâteau,Bezirk Neufchâteau,TOTAL,VI,419.0,90000.0,140000.0,198000.0,201.0,508.0,1128.0
101508,84000,Arrondissement de Neufchâteau,Arrondissement Neufchâteau,Bezirk Neufchâteau,TOTAL,VII,48.0,600.0,85000.0,140000.0,174.5,470.0,1493.5
101512,84000,Arrondissement de Neufchâteau,Arrondissement Neufchâteau,Bezirk Neufchâteau,TOTAL,XI,11.0,115000.0,162500.0,220000.0,150.0,312.5,1209.0
101516,84000,Arrondissement de Neufchâteau,Arrondissement Neufchâteau,Bezirk Neufchâteau,TOTAL,XV,20.0,48000.0,77000.0,125000.0,293.5,358.5,764.5
101518,84000,Arrondissement de Neufchâteau,Arrondissement Neufchâteau,Bezirk Neufchâteau,TOTAL,XVII,11.0,1820.0,30000.0,110000.0,13.0,521.0,1498.0
101520,85000,Arrondissement de Virton,Arrondissement Virton,Bezirk Virton,CESSION,I,20.0,1047.0,1047.0,1047.0,2170.0,4055.0,5962.0
101525,85000,Arrondissement de Virton,Arrondissement Virton,Bezirk Virton,CESSION,VI,36.0,85560.0,152500.0,240000.0,165.0,442.5,951.5
101560,85000,Arrondissement de Virton,Arrondissement Virton,Bezirk Virton,DONATIMMEUB,V,7.0,45000.0,45000.0,45000.0,1069.0,1409.0,6824.0
101561,85000,Arrondissement de Virton,Arrondissement Virton,Bezirk Virton,DONATIMMEUB,VI,30.0,57500.0,70000.0,127500.0,96.0,269.0,565.0
101574,85000,Arrondissement de Virton,Arrondissement Virton,Bezirk Virton,OTHER,I,53.0,529.74,1112.0,1315.0,1530.0,2000.0,4470.0
101579,85000,Arrondissement de Virton,Arrondissement Virton,Bezirk Virton,OTHER,VI,22.0,145000.0,160000.0,195000.0,176.0,440.0,1022.0
101592,85000,Arrondissement de Virton,Arrondissement Virton,Bezirk Virton,PARTAGE,I,19.0,132.0,132.0,132.0,1320.0,2840.0,5390.0
101597,85000,Arrondissement de Virton,Arrondissement Virton,Bezirk Virton,PARTAGE,VI,22.0,260000.0,340000.0,500000.0,220.0,905.0,1416.0
101610,85000,Arrondissement de Virton,Arrondissement Virton,Bezirk Virton,SUCCNALAT,I,321.0,749.0,1190.0,3000.0,1510.0,2540.0,4070.0
101613,85000,Arrondissement de Virton,Arrondissement Virton,Bezirk Virton,SUCCNALAT,IV,5.0,20.3,130.15,240.0,50.0,60.0,180.0
101614,85000,Arrondissement de Virton,Arrondissement Virton,Bezirk Virton,SUCCNALAT,V,13.0,700.0,1407.25,2420.0,659.0,1190.0,2395.0
101615,85000,Arrondissement de Virton,Arrondissement Virton,Bezirk Virton,SUCCNALAT,VI,110.0,75000.0,120000.0,175000.0,215.0,450.0,1008.5
101616,85000,Arrondissement de Virton,Arrondissement Virton,Bezirk Virton,SUCCNALAT,VII,17.0,53500.0,98000.0,140000.0,232.0,446.5,741.0
101628,85000,Arrondissement de Virton,Arrondissement Virton,Bezirk Virton,VENTEIMMEUB,I,438.0,950.0,1836.5,15000.0,1380.0,2130.0,3600.0
101632,85000,Arrondissement de Virton,Arrondissement Virton,Bezirk Virton,VENTEIMMEUB,V,51.0,20000.0,69500.0,110000.0,360.0,1047.0,1422.0
101633,85000,Arrondissement de Virton,Arrondissement Virton,Bezirk Virton,VENTEIMMEUB,VI,195.0,110000.0,160000.0,210000.0,180.0,407.0,823.0
101634,85000,Arrondissement de Virton,Arrondissement Virton,Bezirk Virton,VENTEIMMEUB,VII,12.0,20000.0,20000.0,20000.0,30.0,82.5,711.0
101638,85000,Arrondissement de Virton,Arrondissement Virton,Bezirk Virton,VENTEIMMEUB,XI,7.0,90000.0,132500.0,170000.0,55.0,810.0,1356.0
101644,85000,Arrondissement de Virton,Arrondissement Virton,Bezirk Virton,VENTEIMMEUB,XVII,11.0,30000.0,130000.0,200000.0,73.0,499.0,755.0
101664,85000,Arrondissement de Virton,Arrondissement Virton,Bezirk Virton,TOTAL,I,961.0,749.0,1225.0,3345.0,1470.0,2378.0,4038.0
101667,85000,Arrondissement de Virton,Arrondissement Virton,Bezirk Virton,TOTAL,IV,22.0,20.3,130.15,240.0,30.0,59.0,178.0
101668,85000,Arrondissement de Virton,Arrondissement Virton,Bezirk Virton,TOTAL,V,101.0,5000.0,52000.0,85500.0,379.0,1001.0,1805.0
101669,85000,Arrondissement de Virton,Arrondissement Virton,Bezirk Virton,TOTAL,VI,425.0,90000.0,146000.0,200000.0,180.0,436.0,913.0
101670,85000,Arrondissement de Virton,Arrondissement Virton,Bezirk Virton,TOTAL,VII,43.0,25000.0,96000.0,130000.0,99.0,332.0,1022.0
101674,85000,Arrondissement de Virton,Arrondissement Virton,Bezirk Virton,TOTAL,XI,12.0,80000.0,125000.0,165000.0,87.0,810.0,1356.0
101678,85000,Arrondissement de Virton,Arrondissement Virton,Bezirk Virton,TOTAL,XV,7.0,48000.0,48000.0,48000.0,290.0,402.0,1694.0
101680,85000,Arrondissement de Virton,Arrondissement Virton,Bezirk Virton,TOTAL,XVII,16.0,30000.0,130000.0,200000.0,72.5,489.0,801.0
101682,91000,Arrondissement de Dinant,Arrondissement Dinant,Bezirk Dinant,CESSION,I,7.0,750.0,750.0,750.0,1535.0,4020.0,7130.0
101687,91000,Arrondissement de Dinant,Arrondissement Dinant,Bezirk Dinant,CESSION,VI,7.0,65000.0,80000.0,114500.0,324.0,461.0,560.0
101718,91000,Arrondissement de Dinant,Arrondissement Dinant,Bezirk Dinant,DONATIMMEUB,I,124.0,50000.0,50000.0,50000.0,1750.0,4475.5,11475.0
101723,91000,Arrondissement de Dinant,Arrondissement Dinant,Bezirk Dinant,DONATIMMEUB,VI,47.0,120000.0,145000.0,220000.0,560.0,1062.5,1509.0
101732,91000,Arrondissement de Dinant,Arrondissement Dinant,Bezirk Dinant,DONATIMMEUB,XV,5.0,8700.0,8700.0,8700.0,371.0,605.0,845.0
101736,91000,Arrondissement de Dinant,Arrondissement Dinant,Bezirk Dinant,OTHER,I,48.0,50000.0,50000.0,50000.0,698.0,2938.5,6305.0
101740,91000,Arrondissement de Dinant,Arrondissement Dinant,Bezirk Dinant,OTHER,V,31.0,218160.0,218160.0,218160.0,70.0,600.0,1265.0
101741,91000,Arrondissement de Dinant,Arrondissement Dinant,Bezirk Dinant,OTHER,VI,70.0,157300.0,200000.0,310000.0,277.0,794.0,1143.0
101750,91000,Arrondissement de Dinant,Arrondissement Dinant,Bezirk Dinant,OTHER,XV,8.0,10000.0,10000.0,10000.0,169.5,571.0,851.0
101754,91000,Arrondissement de Dinant,Arrondissement Dinant,Bezirk Dinant,PARTAGE,I,47.0,350000.0,350000.0,350000.0,1479.0,4450.0,12113.0
101759,91000,Arrondissement de Dinant,Arrondissement Dinant,Bezirk Dinant,PARTAGE,VI,52.0,120000.0,144544.16,204000.0,220.0,531.5,1000.0
101770,91000,Arrondissement de Dinant,Arrondissement Dinant,Bezirk Dinant,PARTAGE,XVII,7.0,171000.0,171000.0,171000.0,111.0,199.0,421.0
101772,91000,Arrondissement de Dinant,Arrondissement Dinant,Bezirk Dinant,SUCCNALAT,I,337.0,668.0,1614.0,6250.0,1130.0,2320.0,4950.0
101773,91000,Arrondissement de Dinant,Arrondissement Dinant,Bezirk Dinant,SUCCNALAT,II,7.0,200.0,200.0,1420.0,180.0,408.0,891.0
101775,91000,Arrondissement de Dinant,Arrondissement Dinant,Bezirk Dinant,SUCCNALAT,IV,11.0,400.0,1700.0,3000.0,286.0,404.0,1430.0
101776,91000,Arrondissement de Dinant,Arrondissement Dinant,Bezirk Dinant,SUCCNALAT,V,40.0,120.0,275.0,35000.0,520.0,1021.5,1669.5
101777,91000,Arrondissement de Dinant,Arrondissement Dinant,Bezirk Dinant,SUCCNALAT,VI,246.0,95000.0,140000.0,170000.0,255.0,546.0,1030.0
101778,91000,Arrondissement de Dinant,Arrondissement Dinant,Bezirk Dinant,SUCCNALAT,VII,16.0,280.0,56750.0,162500.0,46.0,129.0,1293.0
101786,91000,Arrondissement de Dinant,Arrondissement Dinant,Bezirk Dinant,SUCCNALAT,XV,26.0,17500.0,27500.0,68000.0,230.0,338.0,1026.0
101790,91000,Arrondissement de Dinant,Arrondissement Dinant,Bezirk Dinant,VENTEIMMEUB,I,273.0,1500.0,4150.0,38400.0,1355.0,2840.0,5900.0
101791,91000,Arrondissement de Dinant,Arrondissement Dinant,Bezirk Dinant,VENTEIMMEUB,II,8.0,338.0,2419.0,4500.0,375.0,639.0,2798.5
101793,91000,Arrondissement de Dinant,Arrondissement Dinant,Bezirk Dinant,VENTEIMMEUB,IV,20.0,4920.0,5000.0,190000.0,61.5,167.5,418.0
101794,91000,Arrondissement de Dinant,Arrondissement Dinant,Bezirk Dinant,VENTEIMMEUB,V,124.0,8640.0,49300.0,70000.0,434.0,918.0,1493.5
101795,91000,Arrondissement de Dinant,Arrondissement Dinant,Bezirk Dinant,VENTEIMMEUB,VI,411.0,115000.0,150000.0,209000.0,230.5,513.0,957.0
101796,91000,Arrondissement de Dinant,Arrondissement Dinant,Bezirk Dinant,VENTEIMMEUB,VII,17.0,575.0,7975.0,67500.0,19.0,43.0,390.0
101800,91000,Arrondissement de Dinant,Arrondissement Dinant,Bezirk Dinant,VENTEIMMEUB,XI,16.0,67000.0,145000.0,235000.0,144.0,296.0,756.0
101804,91000,Arrondissement de Dinant,Arrondissement Dinant,Bezirk Dinant,VENTEIMMEUB,XV,66.0,10000.0,30500.0,75000.0,200.0,345.0,749.0
101806,91000,Arrondissement de Dinant,Arrondissement Dinant,Bezirk Dinant,VENTEIMMEUB,XVII,20.0,5000.0,107209.56,120544.12,41.0,182.5,975.5
101813,91000,Arrondissement de Dinant,Arrondissement Dinant,Bezirk Dinant,VENTEPUBIMMEUB,VI,7.0,51762.0,111000.0,176097.0,204.0,630.0,957.0
101822,91000,Arrondissement de Dinant,Arrondissement Dinant,Bezirk Dinant,VENTEPUBIMMEUB,XV,8.0,5000.0,20000.0,36512.16,269.0,438.0,552.5
101826,91000,Arrondissement de Dinant,Arrondissement Dinant,Bezirk Dinant,TOTAL,I,847.0,762.75,2011.0,9252.0,1300.0,2790.0,6280.0
101827,91000,Arrondissement de Dinant,Arrondissement Dinant,Bezirk Dinant,TOTAL,II,21.0,200.0,338.0,1420.0,408.0,549.0,2075.0
101829,91000,Arrondissement de Dinant,Arrondissement Dinant,Bezirk Dinant,TOTAL,IV,39.0,3000.0,4920.0,5000.0,72.0,286.0,522.0
101830,91000,Arrondissement de Dinant,Arrondissement Dinant,Bezirk Dinant,TOTAL,V,220.0,3200.0,42000.0,65000.0,410.0,917.5,1500.0
101831,91000,Arrondissement de Dinant,Arrondissement Dinant,Bezirk Dinant,TOTAL,VI,861.0,105000.0,150000.0,190000.0,254.0,557.0,1058.0
101832,91000,Arrondissement de Dinant,Arrondissement Dinant,Bezirk Dinant,TOTAL,VII,48.0,350.0,17500.0,140000.0,44.0,120.0,1205.0
101836,91000,Arrondissement de Dinant,Arrondissement Dinant,Bezirk Dinant,TOTAL,XI,23.0,59000.0,160000.0,220000.0,149.0,306.0,656.0
101840,91000,Arrondissement de Dinant,Arrondissement Dinant,Bezirk Dinant,TOTAL,XV,121.0,10000.0,29500.0,75000.0,204.0,373.5,797.5
101842,91000,Arrondissement de Dinant,Arrondissement Dinant,Bezirk Dinant,TOTAL,XVII,37.0,28000.0,114419.12,120544.12,43.0,199.0,851.0
101844,92000,Arrondissement de Namur,Arrondissement Namen,Bezirk Namur,CESSION,I,18.0,18361.555,50000.2,143920.2,1034.0,3376.5,8680.0
101848,92000,Arrondissement de Namur,Arrondissement Namen,Bezirk Namur,CESSION,V,14.0,25000.0,70000.0,80000.0,240.0,558.0,1006.0
101849,92000,Arrondissement de Namur,Arrondissement Namen,Bezirk Namur,CESSION,VI,132.0,160000.0,200000.0,250000.0,365.0,755.5,1161.5
101867,92000,Arrondissement de Namur,Arrondissement Namen,Bezirk Namur,COMMUNAUTE,VI,57.0,300000.0,300000.0,300000.0,335.0,793.0,1225.0
101880,92000,Arrondissement de Namur,Arrondissement Namen,Bezirk Namur,DONATIMMEUB,I,58.0,60000.0,130000.0,143400.0,2327.0,6789.0,15000.0
101884,92000,Arrondissement de Namur,Arrondissement Namen,Bezirk Namur,DONATIMMEUB,V,33.0,40000.0,65180.0,105000.0,767.0,1049.0,1430.0
101885,92000,Arrondissement de Namur,Arrondissement Namen,Bezirk Namur,DONATIMMEUB,VI,68.0,99990.0,175000.0,240000.0,247.5,636.0,1048.5
101896,92000,Arrondissement de Namur,Arrondissement Namen,Bezirk Namur,DONATIMMEUB,XVII,9.0,4600.0,45000.0,65000.0,176.0,220.0,686.0
101898,92000,Arrondissement de Namur,Arrondissement Namen,Bezirk Namur,OTHER,I,48.0,418950.0,418950.0,418950.0,1203.0,3132.0,9118.5
101902,92000,Arrondissement de Namur,Arrondissement Namen,Bezirk Namur,OTHER,V,69.0,50000.0,137800.0,255931.5,362.0,800.0,1429.0
101903,92000,Arrondissement de Namur,Arrondissement Namen,Bezirk Namur,OTHER,VI,159.0,140000.0,195000.0,255000.0,308.0,810.0,1096.0
101908,92000,Arrondissement de Namur,Arrondissement Namen,Bezirk Namur,OTHER,XI,13.0,162500.0,162500.0,162500.0,188.0,333.0,1818.0
101910,92000,Arrondissement de Namur,Arrondissement Namen,Bezirk Namur,OTHER,XIII,7.0,120000.0,120000.0,120000.0,1031.0,1290.0,2020.0
101914,92000,Arrondissement de Namur,Arrondissement Namen,Bezirk Namur,OTHER,XVII,7.0,9.9,9.9,240000.0,37.0,549.0,889.0
101920,92000,Arrondissement de Namur,Arrondissement Namen,Bezirk Namur,PARTAGE,V,13.0,30000.0,30000.0,30000.0,624.0,1342.0,2286.0
101921,92000,Arrondissement de Namur,Arrondissement Namen,Bezirk Namur,PARTAGE,VI,57.0,165000.0,220000.0,312000.0,201.0,526.0,844.0
101932,92000,Arrondissement de Namur,Arrondissement Namen,Bezirk Namur,PARTAGE,XVII,5.0,115000.0,115000.0,115000.0,193.0,193.0,220.0
101934,92000,Arrondissement de Namur,Arrondissement Namen,Bezirk Namur,SUCCNALAT,I,421.0,6260.0,22992.0,79596.0,1650.0,4820.0,13170.0
101937,92000,Arrondissement de Namur,Arrondissement Namen,Bezirk Namur,SUCCNALAT,IV,14.0,6450.0,6450.0,6450.0,118.0,259.0,298.0
101938,92000,Arrondissement de Namur,Arrondissement Namen,Bezirk Namur,SUCCNALAT,V,39.0,3000.0,74550.0,90000.0,122.0,994.0,1921.0
101939,92000,Arrondissement de Namur,Arrondissement Namen,Bezirk Namur,SUCCNALAT,VI,551.0,130000.0,170000.0,220000.0,280.0,651.0,1110.0
101940,92000,Arrondissement de Namur,Arrondissement Namen,Bezirk Namur,SUCCNALAT,VII,16.0,150000.0,228750.0,307500.0,29.0,97.5,359.5
101944,92000,Arrondissement de Namur,Arrondissement Namen,Bezirk Namur,SUCCNALAT,XI,14.0,135000.0,210000.0,305000.0,115.0,183.0,364.0
101950,92000,Arrondissement de Namur,Arrondissement Namen,Bezirk Namur,SUCCNALAT,XVII,8.0,500.0,50000.0,50000.0,85.0,253.5,877.5
101952,92000,Arrondissement de Namur,Arrondissement Namen,Bezirk Namur,VENTEIMMEUB,I,132.0,18750.0,61973.0,100000.0,1125.0,2437.5,4960.0
101956,92000,Arrondissement de Namur,Arrondissement Namen,Bezirk Namur,VENTEIMMEUB,V,193.0,35160.0,70500.0,99000.0,260.0,699.0,1120.0
101957,92000,Arrondissement de Namur,Arrondissement Namen,Bezirk Namur,VENTEIMMEUB,VI,965.0,125000.0,180000.0,250000.0,241.5,580.0,1041.5
101958,92000,Arrondissement de Namur,Arrondissement Namen,Bezirk Namur,VENTEIMMEUB,VII,7.0,100000.0,185000.0,315000.0,745.0,983.0,3098.0
101962,92000,Arrondissement de Namur,Arrondissement Namen,Bezirk Namur,VENTEIMMEUB,XI,42.0,200000.0,252510.0,395000.0,102.5,259.0,655.5
101968,92000,Arrondissement de Namur,Arrondissement Namen,Bezirk Namur,VENTEIMMEUB,XVII,34.0,72000.0,105000.0,152000.0,169.0,290.0,856.0
101975,92000,Arrondissement de Namur,Arrondissement Namen,Bezirk Namur,VENTEPUBIMMEUB,VI,16.0,63185.5,84700.075,110673.25,168.5,446.5,895.0
101988,92000,Arrondissement de Namur,Arrondissement Namen,Bezirk Namur,TOTAL,I,696.0,10000.0,34941.5,84121.0,1519.0,3821.0,10357.5
101991,92000,Arrondissement de Namur,Arrondissement Namen,Bezirk Namur,TOTAL,IV,26.0,6450.0,6450.0,6450.0,130.0,280.5,523.0
101992,92000,Arrondissement de Namur,Arrondissement Namen,Bezirk Namur,TOTAL,V,367.0,32000.0,71000.0,100000.0,338.0,800.0,1342.0
101993,92000,Arrondissement de Namur,Arrondissement Namen,Bezirk Namur,TOTAL,VI,2005.0,130000.0,175000.0,240000.0,268.0,645.0,1080.0
101994,92000,Arrondissement de Namur,Arrondissement Namen,Bezirk Namur,TOTAL,VII,36.0,150000.0,185000.0,307500.0,61.0,378.0,1312.5
101998,92000,Arrondissement de Namur,Arrondissement Namen,Bezirk Namur,TOTAL,XI,82.0,158750.0,236250.0,315000.0,113.5,263.0,639.5
102000,92000,Arrondissement de Namur,Arrondissement Namen,Bezirk Namur,TOTAL,XIII,8.0,120000.0,120000.0,120000.0,1031.0,1200.0,2020.0
102001,92000,Arrondissement de Namur,Arrondissement Namen,Bezirk Namur,TOTAL,XIV,5.0,1667.0,110833.5,220000.0,5.0,10.0,10.0
102002,92000,Arrondissement de Namur,Arrondissement Namen,Bezirk Namur,TOTAL,XV,7.0,22500.0,56000.0,100000.0,583.0,629.0,1118.0
102004,92000,Arrondissement de Namur,Arrondissement Namen,Bezirk Namur,TOTAL,XVII,69.0,45000.0,84029.465,135000.0,164.0,279.0,856.0
102005,92000,Arrondissement de Namur,Arrondissement Namen,Bezirk Namur,TOTAL,XVIII,12.0,650.0,650.0,650.0,520.0,1254.5,2114.0
102042,93000,Arrondissement de Philippeville,Arrondissement Philippeville,Bezirk Philippeville,DONATIMMEUB,I,47.0,27500.0,30000.0,45000.0,2500.0,5220.0,16873.0
102046,93000,Arrondissement de Philippeville,Arrondissement Philippeville,Bezirk Philippeville,DONATIMMEUB,V,8.0,27000.0,48500.0,70000.0,296.0,721.0,1054.5
102047,93000,Arrondissement de Philippeville,Arrondissement Philippeville,Bezirk Philippeville,DONATIMMEUB,VI,14.0,77500.0,142500.0,222500.0,210.0,564.0,1100.0
102060,93000,Arrondissement de Philippeville,Arrondissement Philippeville,Bezirk Philippeville,OTHER,I,11.0,500.0,500.0,500.0,2560.0,4080.0,16873.0
102064,93000,Arrondissement de Philippeville,Arrondissement Philippeville,Bezirk Philippeville,OTHER,V,9.0,280000.0,280000.0,280000.0,900.0,1150.0,1509.0
102065,93000,Arrondissement de Philippeville,Arrondissement Philippeville,Bezirk Philippeville,OTHER,VI,45.0,100000.0,143750.0,197500.0,355.5,754.5,1074.0
102078,93000,Arrondissement de Philippeville,Arrondissement Philippeville,Bezirk Philippeville,PARTAGE,I,25.0,25000.0,25000.0,25000.0,2256.0,4142.0,7760.0
102082,93000,Arrondissement de Philippeville,Arrondissement Philippeville,Bezirk Philippeville,PARTAGE,V,13.0,27000.0,27000.0,27000.0,396.0,1046.0,3755.0
102083,93000,Arrondissement de Philippeville,Arrondissement Philippeville,Bezirk Philippeville,PARTAGE,VI,28.0,74877.63,145000.0,205000.0,186.0,490.0,973.0
102096,93000,Arrondissement de Philippeville,Arrondissement Philippeville,Bezirk Philippeville,SUCCNALAT,I,179.0,750.0,3870.0,35000.0,972.0,2670.0,4796.0
102099,93000,Arrondissement de Philippeville,Arrondissement Philippeville,Bezirk Philippeville,SUCCNALAT,IV,7.0,360.0,1380.0,2400.0,48.0,129.0,142.0
102100,93000,Arrondissement de Philippeville,Arrondissement Philippeville,Bezirk Philippeville,SUCCNALAT,V,11.0,14390.0,27000.0,30625.0,140.0,1315.0,1943.0
102101,93000,Arrondissement de Philippeville,Arrondissement Philippeville,Bezirk Philippeville,SUCCNALAT,VI,146.0,68750.0,107500.0,170000.0,135.0,475.0,841.5
102102,93000,Arrondissement de Philippeville,Arrondissement Philippeville,Bezirk Philippeville,SUCCNALAT,VII,6.0,75000.0,77500.0,80000.0,185.0,265.0,1226.0
102110,93000,Arrondissement de Philippeville,Arrondissement Philippeville,Bezirk Philippeville,SUCCNALAT,XV,10.0,5000.0,6250.0,80000.0,601.0,996.0,1300.0
102114,93000,Arrondissement de Philippeville,Arrondissement Philippeville,Bezirk Philippeville,VENTEIMMEUB,I,155.0,2250.0,8600.0,33750.0,1120.0,3090.0,6480.0
102118,93000,Arrondissement de Philippeville,Arrondissement Philippeville,Bezirk Philippeville,VENTEIMMEUB,V,45.0,15000.0,37250.0,48000.0,401.0,1205.0,2721.0
102119,93000,Arrondissement de Philippeville,Arrondissement Philippeville,Bezirk Philippeville,VENTEIMMEUB,VI,206.0,80000.0,140000.0,192500.0,160.0,363.0,814.0
102120,93000,Arrondissement de Philippeville,Arrondissement Philippeville,Bezirk Philippeville,VENTEIMMEUB,VII,14.0,13500.0,50000.0,100000.0,28.0,138.0,394.0
102128,93000,Arrondissement de Philippeville,Arrondissement Philippeville,Bezirk Philippeville,VENTEIMMEUB,XV,22.0,6000.0,42500.0,85000.0,320.0,978.0,1594.0
102130,93000,Arrondissement de Philippeville,Arrondissement Philippeville,Bezirk Philippeville,VENTEIMMEUB,XVII,9.0,34500.0,65000.0,94591.5,60.0,94.0,2207.0
102150,93000,Arrondissement de Philippeville,Arrondissement Philippeville,Bezirk Philippeville,TOTAL,I,431.0,1332.0,4876.0,32500.0,1190.0,3112.0,6718.0
102153,93000,Arrondissement de Philippeville,Arrondissement Philippeville,Bezirk Philippeville,TOTAL,IV,21.0,360.0,1380.0,2400.0,60.0,90.0,142.0
102154,93000,Arrondissement de Philippeville,Arrondissement Philippeville,Bezirk Philippeville,TOTAL,V,88.0,15000.0,31250.0,48000.0,398.5,1139.5,1953.5
102155,93000,Arrondissement de Philippeville,Arrondissement Philippeville,Bezirk Philippeville,TOTAL,VI,452.0,75000.0,135000.0,180000.0,174.0,440.0,879.0
102156,93000,Arrondissement de Philippeville,Arrondissement Philippeville,Bezirk Philippeville,TOTAL,VII,25.0,13500.0,62500.0,80000.0,110.0,200.0,457.0
102160,93000,Arrondissement de Philippeville,Arrondissement Philippeville,Bezirk Philippeville,TOTAL,XI,7.0,72000.0,75000.0,400000.0,85.0,185.0,2663.0
102164,93000,Arrondissement de Philippeville,Arrondissement Philippeville,Bezirk Philippeville,TOTAL,XV,38.0,5500.0,38000.0,85000.0,508.0,996.0,1796.0
102166,93000,Arrondissement de Philippeville,Arrondissement Philippeville,Bezirk Philippeville,TOTAL,XVII,17.0,10000.0,34500.0,75000.0,62.0,280.0,2026.0
102168,11000,Arrondissement d'Anvers,Arrondissement Antwerpen,Bezirk Antwerpen,CESSION,TOTAL,534.0,148000.0,225000.0,300000.0,156.0,287.5,800.0
102170,11000,Arrondissement d'Anvers,Arrondissement Antwerpen,Bezirk Antwerpen,DONATIMMEUB,TOTAL,509.0,155000.0,215000.0,325000.0,203.5,519.0,1309.5
102171,11000,Arrondissement d'Anvers,Arrondissement Antwerpen,Bezirk Antwerpen,OTHER,TOTAL,1136.0,125000.0,220000.0,302500.0,193.0,441.5,1148.0
102172,11000,Arrondissement d'Anvers,Arrondissement Antwerpen,Bezirk Antwerpen,PARTAGE,TOTAL,92.0,165000.0,262500.0,340000.0,279.0,787.5,1431.0
102173,11000,Arrondissement d'Anvers,Arrondissement Antwerpen,Bezirk Antwerpen,SUCCNALAT,TOTAL,2080.0,100000.0,170000.0,250000.0,178.0,368.0,1044.0
102174,11000,Arrondissement d'Anvers,Arrondissement Antwerpen,Bezirk Antwerpen,VENTEIMMEUB,TOTAL,6425.0,142500.0,210000.0,298000.0,140.0,269.0,710.0
102175,11000,Arrondissement d'Anvers,Arrondissement Antwerpen,Bezirk Antwerpen,VENTEPUBIMMEUB,TOTAL,113.0,108000.0,135600.0,235500.0,144.0,495.0,3172.0
102176,11000,Arrondissement d'Anvers,Arrondissement Antwerpen,Bezirk Antwerpen,TOTAL,TOTAL,11230.0,135000.0,202966.0,290000.0,162.0,326.0,910.0
102177,12000,Arrondissement de Malines,Arrondissement Mechelen,Bezirk Mechelen,CESSION,TOTAL,203.0,46250.0,96500.0,142505.0,235.0,579.0,1118.0
102179,12000,Arrondissement de Malines,Arrondissement Mechelen,Bezirk Mechelen,DONATIMMEUB,TOTAL,315.0,150000.0,210000.0,285000.0,379.5,955.0,3506.0
102180,12000,Arrondissement de Malines,Arrondissement Mechelen,Bezirk Mechelen,OTHER,TOTAL,634.0,90000.0,178750.0,280000.0,277.0,840.0,2955.0
102181,12000,Arrondissement de Malines,Arrondissement Mechelen,Bezirk Mechelen,PARTAGE,TOTAL,24.0,58000.0,81701.99,110000.0,117.0,481.0,1104.0
102182,12000,Arrondissement de Malines,Arrondissement Mechelen,Bezirk Mechelen,SUCCNALAT,TOTAL,967.0,46000.0,175000.0,249750.0,254.0,695.0,2495.0
102183,12000,Arrondissement de Malines,Arrondissement Mechelen,Bezirk Mechelen,VENTEIMMEUB,TOTAL,1882.0,145000.0,220000.0,299000.0,165.0,420.0,1135.0
102184,12000,Arrondissement de Malines,Arrondissement Mechelen,Bezirk Mechelen,VENTEPUBIMMEUB,TOTAL,71.0,130000.0,171500.0,202000.0,204.0,487.5,1065.0
102185,12000,Arrondissement de Malines,Arrondissement Mechelen,Bezirk Mechelen,TOTAL,TOTAL,4237.0,120000.0,200000.0,280000.0,218.0,605.0,1766.0
102186,13000,Arrondissement de Turnhout,Arrondissement Turnhout,Bezirk Turnhout,CESSION,TOTAL,374.0,45000.0,137500.0,225000.0,132.0,647.0,2259.0
102188,13000,Arrondissement de Turnhout,Arrondissement Turnhout,Bezirk Turnhout,DONATIMMEUB,TOTAL,558.0,135000.0,188741.25,250000.0,612.5,1393.5,3752.5
102189,13000,Arrondissement de Turnhout,Arrondissement Turnhout,Bezirk Turnhout,OTHER,TOTAL,715.0,110000.0,187500.0,270000.0,370.0,806.5,1784.5
102190,13000,Arrondissement de Turnhout,Arrondissement Turnhout,Bezirk Turnhout,PARTAGE,TOTAL,174.0,48000.0,175000.0,280000.0,606.0,1145.0,3635.0
102191,13000,Arrondissement de Turnhout,Arrondissement Turnhout,Bezirk Turnhout,SUCCNALAT,TOTAL,1986.0,15000.0,140000.0,210000.0,591.0,1270.0,3502.0
102192,13000,Arrondissement de Turnhout,Arrondissement Turnhout,Bezirk Turnhout,VENTEIMMEUB,TOTAL,2936.0,125000.0,205000.0,282500.0,309.5,714.0,1618.5
102193,13000,Arrondissement de Turnhout,Arrondissement Turnhout,Bezirk Turnhout,VENTEPUBIMMEUB,TOTAL,64.0,140000.0,193000.0,245000.0,497.0,982.0,2249.0
102194,13000,Arrondissement de Turnhout,Arrondissement Turnhout,Bezirk Turnhout,TOTAL,TOTAL,7185.0,64500.0,175000.0,250000.0,416.0,944.0,2547.0
102195,21000,Arrondissement de Bruxelles-Capitale,Arrondissement Brussel Hoofdstad,Bezirk Brüssel-Hauptstadt,CESSION,TOTAL,752.0,138810.0,267500.0,412500.0,110.0,175.0,320.0
102197,21000,Arrondissement de Bruxelles-Capitale,Arrondissement Brussel Hoofdstad,Bezirk Brüssel-Hauptstadt,DONATIMMEUB,TOTAL,730.0,150000.0,237500.0,400000.0,130.0,210.0,317.0
102198,21000,Arrondissement de Bruxelles-Capitale,Arrondissement Brussel Hoofdstad,Bezirk Brüssel-Hauptstadt,OTHER,TOTAL,1287.0,60000.0,257500.0,430000.0,130.0,235.0,634.0
102199,21000,Arrondissement de Bruxelles-Capitale,Arrondissement Brussel Hoofdstad,Bezirk Brüssel-Hauptstadt,PARTAGE,TOTAL,166.0,135000.0,250000.0,398000.0,96.0,160.0,245.0
102200,21000,Arrondissement de Bruxelles-Capitale,Arrondissement Brussel Hoofdstad,Bezirk Brüssel-Hauptstadt,SUCCNALAT,TOTAL,1478.0,142000.0,230000.0,350000.0,110.0,168.0,250.0
102201,21000,Arrondissement de Bruxelles-Capitale,Arrondissement Brussel Hoofdstad,Bezirk Brüssel-Hauptstadt,VENTEIMMEUB,TOTAL,7287.0,135000.0,210000.0,338000.0,105.0,165.0,270.0
102202,21000,Arrondissement de Bruxelles-Capitale,Arrondissement Brussel Hoofdstad,Bezirk Brüssel-Hauptstadt,VENTEPUBIMMEUB,TOTAL,108.0,128045.2,216628.5,347000.0,70.0,100.0,155.0
102203,21000,Arrondissement de Bruxelles-Capitale,Arrondissement Brussel Hoofdstad,Bezirk Brüssel-Hauptstadt,TOTAL,TOTAL,11933.0,139000.0,220000.0,350000.0,110.0,175.0,298.0
102204,23000,Arrondissement de Hal-Vilvorde,Arrondissement Halle-Vilvoorde,Bezirk Halle-Vilvoorde,CESSION,TOTAL,468.0,60000.0,226250.0,325000.0,221.0,400.0,944.0
102205,23000,Arrondissement de Hal-Vilvorde,Arrondissement Halle-Vilvoorde,Bezirk Halle-Vilvoorde,COMMUNAUTE,TOTAL,284.0,350000.0,350000.0,350000.0,299.0,746.0,1590.0
102206,23000,Arrondissement de Hal-Vilvorde,Arrondissement Halle-Vilvoorde,Bezirk Halle-Vilvoorde,DONATIMMEUB,TOTAL,723.0,160000.0,250000.0,310000.0,426.0,990.0,2760.0
102207,23000,Arrondissement de Hal-Vilvorde,Arrondissement Halle-Vilvoorde,Bezirk Halle-Vilvoorde,OTHER,TOTAL,1076.0,125000.0,240000.0,350000.0,300.0,619.0,1400.0
102208,23000,Arrondissement de Hal-Vilvorde,Arrondissement Halle-Vilvoorde,Bezirk Halle-Vilvoorde,PARTAGE,TOTAL,140.0,95833.32,235000.0,390000.0,418.0,1334.0,4450.0
102209,23000,Arrondissement de Hal-Vilvorde,Arrondissement Halle-Vilvoorde,Bezirk Halle-Vilvoorde,SUCCNALAT,TOTAL,2300.0,9882.5,150000.0,261680.0,380.0,1024.0,3020.0
102210,23000,Arrondissement de Hal-Vilvorde,Arrondissement Halle-Vilvoorde,Bezirk Halle-Vilvoorde,VENTEIMMEUB,TOTAL,3599.0,158383.0,250180.0,344000.0,230.0,483.5,1078.0
102211,23000,Arrondissement de Hal-Vilvorde,Arrondissement Halle-Vilvoorde,Bezirk Halle-Vilvoorde,VENTEPUBIMMEUB,TOTAL,78.0,137000.0,230000.0,337000.0,264.0,709.0,2480.0
102212,23000,Arrondissement de Hal-Vilvorde,Arrondissement Halle-Vilvoorde,Bezirk Halle-Vilvoorde,TOTAL,TOTAL,8668.0,84000.0,225000.0,315000.0,283.0,666.0,1879.0
102213,24000,Arrondissement de Louvain,Arrondissement Leuven,Bezirk Löwen,CESSION,TOTAL,317.0,90455.32,172500.0,266430.0,337.0,1231.5,4000.0
102215,24000,Arrondissement de Louvain,Arrondissement Leuven,Bezirk Löwen,DONATIMMEUB,TOTAL,576.0,150250.0,240000.0,335000.0,500.0,1145.0,2940.0
102216,24000,Arrondissement de Louvain,Arrondissement Leuven,Bezirk Löwen,OTHER,TOTAL,823.0,125000.0,240000.0,315000.0,434.0,1022.5,2401.0
102217,24000,Arrondissement de Louvain,Arrondissement Leuven,Bezirk Löwen,PARTAGE,TOTAL,218.0,220000.0,292500.0,345000.0,485.0,1026.0,2445.0
102218,24000,Arrondissement de Louvain,Arrondissement Leuven,Bezirk Löwen,SUCCNALAT,TOTAL,1938.0,8000.0,140000.0,250000.0,482.0,1175.0,2710.0
102219,24000,Arrondissement de Louvain,Arrondissement Leuven,Bezirk Löwen,VENTEIMMEUB,TOTAL,2928.0,140000.0,230000.0,325000.0,293.0,722.0,2053.0
102220,24000,Arrondissement de Louvain,Arrondissement Leuven,Bezirk Löwen,VENTEPUBIMMEUB,TOTAL,128.0,111000.0,168000.0,255000.0,407.0,1117.0,2708.0
102221,24000,Arrondissement de Louvain,Arrondissement Leuven,Bezirk Löwen,TOTAL,TOTAL,7248.0,75000.0,200000.0,300000.0,388.0,980.0,2550.0
102222,25000,Arrondissement de Nivelles,Arrondissement Nijvel,Bezirk Nivelles,CESSION,TOTAL,210.0,185000.0,272500.0,385500.0,400.0,1140.0,2645.0
102224,25000,Arrondissement de Nivelles,Arrondissement Nijvel,Bezirk Nivelles,DONATIMMEUB,TOTAL,280.0,101250.0,205000.0,285833.33,656.0,1302.5,3970.0
102225,25000,Arrondissement de Nivelles,Arrondissement Nijvel,Bezirk Nivelles,OTHER,TOTAL,321.0,215000.0,275000.0,330000.0,441.0,917.0,2119.0
102226,25000,Arrondissement de Nivelles,Arrondissement Nijvel,Bezirk Nivelles,PARTAGE,TOTAL,279.0,183935.0,300000.0,395800.0,461.0,1018.5,2550.0
102227,25000,Arrondissement de Nivelles,Arrondissement Nijvel,Bezirk Nivelles,SUCCNALAT,TOTAL,1479.0,12000.0,135000.0,250000.0,514.0,1304.5,3875.0
102228,25000,Arrondissement de Nivelles,Arrondissement Nijvel,Bezirk Nivelles,VENTEIMMEUB,TOTAL,2649.0,150000.0,244716.5,350000.0,328.0,755.0,1569.0
102229,25000,Arrondissement de Nivelles,Arrondissement Nijvel,Bezirk Nivelles,VENTEPUBIMMEUB,TOTAL,28.0,91523.16,238774.855,354688.71,222.0,885.5,1426.0
102230,25000,Arrondissement de Nivelles,Arrondissement Nijvel,Bezirk Nivelles,TOTAL,TOTAL,5351.0,98000.0,210000.0,320000.0,414.0,983.0,2462.0
102231,31000,Arrondissement de Bruges,Arrondissement Brugge,Bezirk Brügge,CESSION,TOTAL,255.0,106091.57,220000.0,320000.0,201.0,539.0,2153.0
102233,31000,Arrondissement de Bruges,Arrondissement Brugge,Bezirk Brügge,DONATIMMEUB,TOTAL,424.0,175000.0,250000.0,371840.0,245.5,542.5,1474.5
102234,31000,Arrondissement de Bruges,Arrondissement Brugge,Bezirk Brügge,OTHER,TOTAL,1059.0,173000.0,250000.0,320000.0,60.0,185.0,701.0
102235,31000,Arrondissement de Bruges,Arrondissement Brugge,Bezirk Brügge,PARTAGE,TOTAL,29.0,31933.88,185000.0,287000.0,114.0,181.0,1827.0
102236,31000,Arrondissement de Bruges,Arrondissement Brugge,Bezirk Brügge,SUCCNALAT,TOTAL,884.0,131000.0,215000.0,295000.0,229.0,539.0,1557.0
102237,31000,Arrondissement de Bruges,Arrondissement Brugge,Bezirk Brügge,VENTEIMMEUB,TOTAL,2788.0,139750.0,240000.0,340000.0,156.0,314.0,734.0
102238,31000,Arrondissement de Bruges,Arrondissement Brugge,Bezirk Brügge,VENTEPUBIMMEUB,TOTAL,19.0,136000.0,147762.0,212000.0,99.0,384.0,1205.0
102239,31000,Arrondissement de Bruges,Arrondissement Brugge,Bezirk Brügge,TOTAL,TOTAL,5631.0,140000.0,235000.0,330000.0,138.0,347.0,952.5
102240,32000,Arrondissement de Dixmude,Arrondissement Diksmuide,Bezirk Diksmuide,CESSION,TOTAL,44.0,45341.0,105312.5,175000.0,615.0,2620.0,5200.0
102242,32000,Arrondissement de Dixmude,Arrondissement Diksmuide,Bezirk Diksmuide,DONATIMMEUB,TOTAL,90.0,77500.0,162800.0,244564.5,579.0,2081.5,6616.5
102243,32000,Arrondissement de Dixmude,Arrondissement Diksmuide,Bezirk Diksmuide,OTHER,TOTAL,174.0,11370.0,53625.0,200000.0,361.0,526.0,2019.0
102244,32000,Arrondissement de Dixmude,Arrondissement Diksmuide,Bezirk Diksmuide,PARTAGE,TOTAL,21.0,50000.0,135372.63,175000.0,898.0,3829.0,27487.5
102245,32000,Arrondissement de Dixmude,Arrondissement Diksmuide,Bezirk Diksmuide,SUCCNALAT,TOTAL,188.0,80000.0,150000.0,220000.0,655.0,1978.0,6000.0
102246,32000,Arrondissement de Dixmude,Arrondissement Diksmuide,Bezirk Diksmuide,VENTEIMMEUB,TOTAL,349.0,120000.0,195000.0,260000.0,306.0,567.0,1750.0
102247,32000,Arrondissement de Dixmude,Arrondissement Diksmuide,Bezirk Diksmuide,VENTEPUBIMMEUB,TOTAL,17.0,280000.0,280000.0,280000.0,489.0,551.0,710.0
102248,32000,Arrondissement de Dixmude,Arrondissement Diksmuide,Bezirk Diksmuide,TOTAL,TOTAL,947.0,89000.0,170000.0,246000.0,403.0,830.0,3850.0
102249,33000,Arrondissement d'Ypres,Arrondissement Ieper,Bezirk Ypern,CESSION,TOTAL,55.0,16750.0,49250.0,100000.0,670.0,1644.0,6334.0
102251,33000,Arrondissement d'Ypres,Arrondissement Ieper,Bezirk Ypern,DONATIMMEUB,TOTAL,180.0,111250.0,166875.0,240000.0,470.0,2380.0,9000.0
102252,33000,Arrondissement d'Ypres,Arrondissement Ieper,Bezirk Ypern,OTHER,TOTAL,194.0,40000.0,86447.435,127472.39,259.0,610.0,3390.0
102253,33000,Arrondissement d'Ypres,Arrondissement Ieper,Bezirk Ypern,PARTAGE,TOTAL,53.0,6000.0,80625.0,120000.0,405.0,2715.0,5345.0
102254,33000,Arrondissement d'Ypres,Arrondissement Ieper,Bezirk Ypern,SUCCNALAT,TOTAL,365.0,90000.0,153000.0,222000.0,335.0,771.5,3590.0
102255,33000,Arrondissement d'Ypres,Arrondissement Ieper,Bezirk Ypern,VENTEIMMEUB,TOTAL,564.0,90100.0,175500.0,250000.0,202.0,433.0,1500.0
102257,33000,Arrondissement d'Ypres,Arrondissement Ieper,Bezirk Ypern,TOTAL,TOTAL,1493.0,81000.0,155000.0,238470.0,287.0,700.5,3975.0
102258,34000,Arrondissement de Courtrai,Arrondissement Kortrijk,Bezirk Kortrijk,CESSION,TOTAL,102.0,103460.0,170000.0,240000.0,239.0,464.5,1216.0
102260,34000,Arrondissement de Courtrai,Arrondissement Kortrijk,Bezirk Kortrijk,DONATIMMEUB,TOTAL,209.0,150000.0,192500.0,250000.0,279.0,690.0,2133.0
102261,34000,Arrondissement de Courtrai,Arrondissement Kortrijk,Bezirk Kortrijk,OTHER,TOTAL,391.0,150000.0,200000.0,273950.0,250.0,495.0,1150.0
102262,34000,Arrondissement de Courtrai,Arrondissement Kortrijk,Bezirk Kortrijk,PARTAGE,TOTAL,27.0,130000.0,205000.0,257500.0,307.0,477.0,2466.0
102263,34000,Arrondissement de Courtrai,Arrondissement Kortrijk,Bezirk Kortrijk,SUCCNALAT,TOTAL,691.0,112000.0,170000.0,227500.0,232.0,476.0,956.0
102264,34000,Arrondissement de Courtrai,Arrondissement Kortrijk,Bezirk Kortrijk,VENTEIMMEUB,TOTAL,1917.0,127000.0,189000.0,260000.0,147.0,307.0,640.0
102265,34000,Arrondissement de Courtrai,Arrondissement Kortrijk,Bezirk Kortrijk,VENTEPUBIMMEUB,TOTAL,15.0,103000.0,124000.0,178000.0,140.0,212.0,384.0
102266,34000,Arrondissement de Courtrai,Arrondissement Kortrijk,Bezirk Kortrijk,TOTAL,TOTAL,3497.0,121000.0,180000.0,251156.0,195.0,375.0,868.0
102267,35000,Arrondissement d'Ostende,Arrondissement Oostende,Bezirk Ostende,CESSION,TOTAL,128.0,32552.37,114218.75,250000.0,180.0,441.0,2010.0
102269,35000,Arrondissement d'Ostende,Arrondissement Oostende,Bezirk Ostende,DONATIMMEUB,TOTAL,208.0,125000.0,190000.0,250000.0,239.0,613.0,6840.0
102270,35000,Arrondissement d'Ostende,Arrondissement Oostende,Bezirk Ostende,OTHER,TOTAL,600.0,56949.0,175000.0,260000.0,208.0,328.0,561.0
102271,35000,Arrondissement d'Ostende,Arrondissement Oostende,Bezirk Ostende,PARTAGE,TOTAL,26.0,93681.41,197500.0,297500.0,56.0,320.0,692.0
102272,35000,Arrondissement d'Ostende,Arrondissement Oostende,Bezirk Ostende,SUCCNALAT,TOTAL,657.0,80000.0,150000.0,230000.0,199.0,600.0,2835.0
102273,35000,Arrondissement d'Ostende,Arrondissement Oostende,Bezirk Ostende,VENTEIMMEUB,TOTAL,1569.0,105000.0,175000.0,259999.5,140.0,253.0,480.0
102274,35000,Arrondissement d'Ostende,Arrondissement Oostende,Bezirk Ostende,VENTEPUBIMMEUB,TOTAL,13.0,77500.0,189000.0,255000.0,70.0,117.5,229.0
102275,35000,Arrondissement d'Ostende,Arrondissement Oostende,Bezirk Ostende,TOTAL,TOTAL,3275.0,95000.0,167500.0,250500.0,169.0,339.0,745.5
102276,36000,Arrondissement de Roulers,Arrondissement Roeselare,Bezirk Roeselare,CESSION,TOTAL,85.0,65469.375,127750.0,255000.0,230.0,513.5,853.0
102278,36000,Arrondissement de Roulers,Arrondissement Roeselare,Bezirk Roeselare,DONATIMMEUB,TOTAL,160.0,131350.0,172500.0,260000.0,276.5,796.5,2664.0
102279,36000,Arrondissement de Roulers,Arrondissement Roeselare,Bezirk Roeselare,OTHER,TOTAL,264.0,90000.0,181350.0,275000.0,244.0,538.0,1445.0
102280,36000,Arrondissement de Roulers,Arrondissement Roeselare,Bezirk Roeselare,PARTAGE,TOTAL,45.0,200000.0,225000.0,270000.0,203.0,425.5,1423.0
102281,36000,Arrondissement de Roulers,Arrondissement Roeselare,Bezirk Roeselare,SUCCNALAT,TOTAL,378.0,75000.0,150000.0,210000.0,258.5,574.0,1618.0
102282,36000,Arrondissement de Roulers,Arrondissement Roeselare,Bezirk Roeselare,VENTEIMMEUB,TOTAL,973.0,135000.0,199000.0,263060.0,188.0,347.0,720.0
102283,36000,Arrondissement de Roulers,Arrondissement Roeselare,Bezirk Roeselare,VENTEPUBIMMEUB,TOTAL,12.0,125600.0,200000.0,283500.0,518.0,736.0,16270.0
102284,36000,Arrondissement de Roulers,Arrondissement Roeselare,Bezirk Roeselare,TOTAL,TOTAL,1978.0,113750.0,180000.0,255000.0,223.0,449.0,1096.0
102285,37000,Arrondissement de Tielt,Arrondissement Tielt,Bezirk Tielt,CESSION,TOTAL,30.0,120000.0,217000.0,260000.0,457.0,587.0,1355.0
102287,37000,Arrondissement de Tielt,Arrondissement Tielt,Bezirk Tielt,DONATIMMEUB,TOTAL,94.0,100000.0,195000.0,300000.0,571.0,1936.0,6095.0
102288,37000,Arrondissement de Tielt,Arrondissement Tielt,Bezirk Tielt,OTHER,TOTAL,216.0,47500.0,180000.0,275000.0,201.0,377.5,1276.0
102289,37000,Arrondissement de Tielt,Arrondissement Tielt,Bezirk Tielt,PARTAGE,TOTAL,20.0,114480.125,199615.0,264500.0,538.0,1010.5,2296.5
102290,37000,Arrondissement de Tielt,Arrondissement Tielt,Bezirk Tielt,SUCCNALAT,TOTAL,274.0,100000.0,185000.0,240000.0,374.0,1160.0,3663.0
102291,37000,Arrondissement de Tielt,Arrondissement Tielt,Bezirk Tielt,VENTEIMMEUB,TOTAL,607.0,110000.0,190000.0,275500.0,246.0,522.5,1527.5
102292,37000,Arrondissement de Tielt,Arrondissement Tielt,Bezirk Tielt,VENTEPUBIMMEUB,TOTAL,5.0,125000.0,163500.0,202000.0,174.0,293.0,507.0
102293,37000,Arrondissement de Tielt,Arrondissement Tielt,Bezirk Tielt,TOTAL,TOTAL,1305.0,102000.0,188510.0,270000.0,285.0,646.0,2262.5
102294,38000,Arrondissement de Furnes,Arrondissement Veurne,Bezirk Veurne,CESSION,TOTAL,81.0,31326.0,105000.0,179443.33,322.5,609.0,1550.5
102296,38000,Arrondissement de Furnes,Arrondissement Veurne,Bezirk Veurne,DONATIMMEUB,TOTAL,220.0,120000.0,200000.0,300000.0,185.0,593.5,6521.0
102297,38000,Arrondissement de Furnes,Arrondissement Veurne,Bezirk Veurne,OTHER,TOTAL,326.0,35000.0,100000.0,196000.0,301.0,1020.0,5200.0
102298,38000,Arrondissement de Furnes,Arrondissement Veurne,Bezirk Veurne,PARTAGE,TOTAL,37.0,40000.0,40000.0,40000.0,232.0,3217.0,16278.0
102299,38000,Arrondissement de Furnes,Arrondissement Veurne,Bezirk Veurne,SUCCNALAT,TOTAL,409.0,45000.0,137500.0,225000.0,224.0,613.0,2099.0
102300,38000,Arrondissement de Furnes,Arrondissement Veurne,Bezirk Veurne,VENTEIMMEUB,TOTAL,946.0,75000.0,175000.0,267500.0,154.0,301.0,725.0
102301,38000,Arrondissement de Furnes,Arrondissement Veurne,Bezirk Veurne,VENTEPUBIMMEUB,TOTAL,10.0,44000.0,150250.0,251850.0,469.5,787.0,1068.5
102302,38000,Arrondissement de Furnes,Arrondissement Veurne,Bezirk Veurne,TOTAL,TOTAL,2096.0,65000.0,161250.0,250000.0,205.0,545.0,2166.0
102303,41000,Arrondissement d'Alost,Arrondissement Aalst,Bezirk Aalst,CESSION,TOTAL,184.0,145000.0,225000.0,270000.0,305.0,720.0,2200.0
102305,41000,Arrondissement d'Alost,Arrondissement Aalst,Bezirk Aalst,DONATIMMEUB,TOTAL,374.0,112500.0,185000.0,270000.0,400.0,1249.0,2610.0
102306,41000,Arrondissement d'Alost,Arrondissement Aalst,Bezirk Aalst,OTHER,TOTAL,686.0,170000.0,235000.0,300000.0,251.0,679.5,1540.0
102307,41000,Arrondissement d'Alost,Arrondissement Aalst,Bezirk Aalst,PARTAGE,TOTAL,69.0,171000.0,220000.0,260000.0,448.0,710.0,2688.0
102308,41000,Arrondissement d'Alost,Arrondissement Aalst,Bezirk Aalst,SUCCNALAT,TOTAL,1261.0,6000.0,75000.0,185000.0,340.0,910.0,2200.0
102309,41000,Arrondissement d'Alost,Arrondissement Aalst,Bezirk Aalst,VENTEIMMEUB,TOTAL,1909.0,97500.0,180000.0,256300.0,190.0,412.5,963.0
102310,41000,Arrondissement d'Alost,Arrondissement Aalst,Bezirk Aalst,VENTEPUBIMMEUB,TOTAL,65.0,62500.5,95000.0,151600.0,380.0,1090.0,2560.0
102311,41000,Arrondissement d'Alost,Arrondissement Aalst,Bezirk Aalst,TOTAL,TOTAL,4639.0,38950.0,160000.0,248000.0,252.0,630.0,1616.0
102312,42000,Arrondissement de Termonde,Arrondissement Dendermonde,Bezirk Dendermonde,CESSION,TOTAL,121.0,102000.0,212500.0,290000.0,220.0,410.0,1432.0
102314,42000,Arrondissement de Termonde,Arrondissement Dendermonde,Bezirk Dendermonde,DONATIMMEUB,TOTAL,253.0,125000.0,200000.0,260000.0,388.0,943.5,3150.0
102315,42000,Arrondissement de Termonde,Arrondissement Dendermonde,Bezirk Dendermonde,OTHER,TOTAL,697.0,192500.0,255000.0,337500.0,335.0,1260.0,2832.0
102316,42000,Arrondissement de Termonde,Arrondissement Dendermonde,Bezirk Dendermonde,PARTAGE,TOTAL,63.0,18005.13,123817.63,231500.0,543.5,2498.5,4340.0
102317,42000,Arrondissement de Termonde,Arrondissement Dendermonde,Bezirk Dendermonde,SUCCNALAT,TOTAL,655.0,25050.0,140000.0,220000.0,310.0,825.0,2373.0
102318,42000,Arrondissement de Termonde,Arrondissement Dendermonde,Bezirk Dendermonde,VENTEIMMEUB,TOTAL,1249.0,122250.0,190625.0,275000.0,200.0,413.0,1073.0
102319,42000,Arrondissement de Termonde,Arrondissement Dendermonde,Bezirk Dendermonde,VENTEPUBIMMEUB,TOTAL,27.0,116000.0,133000.0,232000.0,200.0,836.0,1534.0
102320,42000,Arrondissement de Termonde,Arrondissement Dendermonde,Bezirk Dendermonde,TOTAL,TOTAL,3164.0,105000.0,184000.0,260328.5,270.0,642.0,2150.0
102321,43000,Arrondissement d'Eeklo,Arrondissement Eeklo,Bezirk Eeklo,CESSION,TOTAL,50.0,27244.0,59000.0,180000.0,250.0,641.0,1920.0
102323,43000,Arrondissement d'Eeklo,Arrondissement Eeklo,Bezirk Eeklo,DONATIMMEUB,TOTAL,119.0,150000.0,225000.0,320000.0,662.0,2471.0,6744.0
102324,43000,Arrondissement d'Eeklo,Arrondissement Eeklo,Bezirk Eeklo,OTHER,TOTAL,119.0,85000.0,220000.0,325000.0,242.5,528.0,1291.5
102325,43000,Arrondissement d'Eeklo,Arrondissement Eeklo,Bezirk Eeklo,PARTAGE,TOTAL,43.0,12500.0,58214.285,155000.0,724.0,2060.0,4880.0
102326,43000,Arrondissement d'Eeklo,Arrondissement Eeklo,Bezirk Eeklo,SUCCNALAT,TOTAL,270.0,19974.5,125000.0,210000.0,413.0,1375.0,4106.5
102327,43000,Arrondissement d'Eeklo,Arrondissement Eeklo,Bezirk Eeklo,VENTEIMMEUB,TOTAL,493.0,120000.0,195000.0,250000.0,188.0,379.5,998.0
102328,43000,Arrondissement d'Eeklo,Arrondissement Eeklo,Bezirk Eeklo,VENTEPUBIMMEUB,TOTAL,9.0,107000.0,120000.0,230000.0,406.5,1261.0,2382.0
102329,43000,Arrondissement d'Eeklo,Arrondissement Eeklo,Bezirk Eeklo,TOTAL,TOTAL,1149.0,97000.0,185000.0,245000.0,245.0,638.0,2640.0
102330,44000,Arrondissement de Gand,Arrondissement Gent,Bezirk Gent,CESSION,TOTAL,336.0,64500.0,140000.0,230000.0,180.0,487.5,1474.5
102332,44000,Arrondissement de Gand,Arrondissement Gent,Bezirk Gent,DONATIMMEUB,TOTAL,555.0,200000.0,250000.0,330000.0,328.0,932.0,3248.0
102333,44000,Arrondissement de Gand,Arrondissement Gent,Bezirk Gent,OTHER,TOTAL,881.0,81524.0,220000.0,350000.0,210.0,541.5,1341.0
102334,44000,Arrondissement de Gand,Arrondissement Gent,Bezirk Gent,PARTAGE,TOTAL,78.0,85000.0,133750.0,275000.0,277.0,850.0,2466.0
102335,44000,Arrondissement de Gand,Arrondissement Gent,Bezirk Gent,SUCCNALAT,TOTAL,1388.0,54605.0,182500.0,280000.0,270.0,720.0,2279.0
102336,44000,Arrondissement de Gand,Arrondissement Gent,Bezirk Gent,VENTEIMMEUB,TOTAL,3275.0,173000.0,245000.0,326310.12,110.0,320.5,788.5
102337,44000,Arrondissement de Gand,Arrondissement Gent,Bezirk Gent,VENTEPUBIMMEUB,TOTAL,54.0,188000.0,250000.0,316000.0,260.0,600.5,1197.0
102338,44000,Arrondissement de Gand,Arrondissement Gent,Bezirk Gent,TOTAL,TOTAL,6816.0,150000.0,230000.0,318017.0,180.0,497.0,1361.0
102339,45000,Arrondissement d'Audenarde,Arrondissement Oudenaarde,Bezirk Oudenaarde,CESSION,TOTAL,117.0,80000.0,180000.0,285000.0,466.5,2345.0,5248.0
102341,45000,Arrondissement d'Audenarde,Arrondissement Oudenaarde,Bezirk Oudenaarde,DONATIMMEUB,TOTAL,222.0,135000.0,189900.0,225000.0,905.5,3045.5,6800.0
102342,45000,Arrondissement d'Audenarde,Arrondissement Oudenaarde,Bezirk Oudenaarde,OTHER,TOTAL,194.0,197500.0,237500.0,340000.0,380.0,794.0,1865.0
102343,45000,Arrondissement d'Audenarde,Arrondissement Oudenaarde,Bezirk Oudenaarde,PARTAGE,TOTAL,35.0,185000.0,250000.0,290000.0,744.0,3180.0,7240.0
102344,45000,Arrondissement d'Audenarde,Arrondissement Oudenaarde,Bezirk Oudenaarde,SUCCNALAT,TOTAL,503.0,15000.0,96650.0,211000.0,489.5,1536.0,4008.0
102345,45000,Arrondissement d'Audenarde,Arrondissement Oudenaarde,Bezirk Oudenaarde,VENTEIMMEUB,TOTAL,697.0,78500.0,156000.0,259000.0,210.0,523.0,1634.0
102346,45000,Arrondissement d'Audenarde,Arrondissement Oudenaarde,Bezirk Oudenaarde,VENTEPUBIMMEUB,TOTAL,11.0,155000.0,255000.0,355000.0,162.0,378.0,1867.0
102347,45000,Arrondissement d'Audenarde,Arrondissement Oudenaarde,Bezirk Oudenaarde,TOTAL,TOTAL,1894.0,50000.0,155000.0,249000.0,351.5,1116.5,3310.0
102348,46000,Arrondissement de Saint-Nicolas,Arrondissement Sint-Niklaas,Bezirk Sint-Niklaas,CESSION,TOTAL,149.0,157500.0,247500.0,310000.0,220.0,723.0,4040.0
102350,46000,Arrondissement de Saint-Nicolas,Arrondissement Sint-Niklaas,Bezirk Sint-Niklaas,DONATIMMEUB,TOTAL,277.0,120000.0,200000.0,280000.0,450.0,997.0,4732.0
102351,46000,Arrondissement de Saint-Nicolas,Arrondissement Sint-Niklaas,Bezirk Sint-Niklaas,OTHER,TOTAL,493.0,130000.0,222500.0,350000.0,383.0,1075.0,3765.0
102352,46000,Arrondissement de Saint-Nicolas,Arrondissement Sint-Niklaas,Bezirk Sint-Niklaas,PARTAGE,TOTAL,31.0,185000.0,220000.0,265000.0,449.5,2712.5,6325.0
102353,46000,Arrondissement de Saint-Nicolas,Arrondissement Sint-Niklaas,Bezirk Sint-Niklaas,SUCCNALAT,TOTAL,784.0,105000.0,190000.0,265000.0,282.0,696.0,3230.0
102354,46000,Arrondissement de Saint-Nicolas,Arrondissement Sint-Niklaas,Bezirk Sint-Niklaas,VENTEIMMEUB,TOTAL,1519.0,120000.0,199000.0,274000.0,158.5,360.0,869.0
102355,46000,Arrondissement de Saint-Nicolas,Arrondissement Sint-Niklaas,Bezirk Sint-Niklaas,VENTEPUBIMMEUB,TOTAL,46.0,112000.0,126250.0,179000.0,200.0,439.0,4521.0
102356,46000,Arrondissement de Saint-Nicolas,Arrondissement Sint-Niklaas,Bezirk Sint-Niklaas,TOTAL,TOTAL,3409.0,119850.0,196310.0,273811.625,228.0,573.0,2310.0
102357,51000,Arrondissement d'Ath,Arrondissement Aat,Bezirk Ath,CESSION,TOTAL,41.0,80000.0,120000.0,158000.0,46.0,391.0,1277.5
102359,51000,Arrondissement d'Ath,Arrondissement Aat,Bezirk Ath,DONATIMMEUB,TOTAL,101.0,35500.0,100000.0,150000.0,479.0,1387.0,4452.0
102360,51000,Arrondissement d'Ath,Arrondissement Aat,Bezirk Ath,OTHER,TOTAL,93.0,80000.0,150000.0,250000.0,363.0,875.0,1674.0
102361,51000,Arrondissement d'Ath,Arrondissement Aat,Bezirk Ath,PARTAGE,TOTAL,37.0,80000.0,195000.0,300000.0,550.5,1048.0,2569.0
102362,51000,Arrondissement d'Ath,Arrondissement Aat,Bezirk Ath,SUCCNALAT,TOTAL,512.0,2688.0,15000.0,125000.0,510.0,1564.0,4700.0
102363,51000,Arrondissement d'Ath,Arrondissement Aat,Bezirk Ath,VENTEIMMEUB,TOTAL,451.0,65000.0,140000.0,200000.0,330.0,758.0,1821.0
102364,51000,Arrondissement d'Ath,Arrondissement Aat,Bezirk Ath,VENTEPUBIMMEUB,TOTAL,12.0,58651.06,96883.11,135704.36,235.0,425.0,950.0
102365,51000,Arrondissement d'Ath,Arrondissement Aat,Bezirk Ath,TOTAL,TOTAL,1279.0,6757.6,86000.0,160000.0,400.0,1006.0,3110.0
102366,52000,Arrondissement de Charleroi,Arrondissement Charleroi,Bezirk Charleroi,CESSION,TOTAL,212.0,50000.0,120000.0,170000.0,141.0,308.0,661.0
102368,52000,Arrondissement de Charleroi,Arrondissement Charleroi,Bezirk Charleroi,DONATIMMEUB,TOTAL,164.0,50000.0,100000.0,150000.0,150.0,344.0,1017.0
102369,52000,Arrondissement de Charleroi,Arrondissement Charleroi,Bezirk Charleroi,OTHER,TOTAL,292.0,100000.0,150000.0,190400.0,190.0,422.0,1000.0
102370,52000,Arrondissement de Charleroi,Arrondissement Charleroi,Bezirk Charleroi,PARTAGE,TOTAL,141.0,75000.0,140000.0,230000.0,183.0,1430.0,5400.0
102371,52000,Arrondissement de Charleroi,Arrondissement Charleroi,Bezirk Charleroi,SUCCNALAT,TOTAL,1548.0,60000.0,95000.0,137000.0,195.0,480.5,2020.0
102372,52000,Arrondissement de Charleroi,Arrondissement Charleroi,Bezirk Charleroi,VENTEIMMEUB,TOTAL,2059.0,70000.0,116500.0,170000.0,130.0,265.0,571.0
102373,52000,Arrondissement de Charleroi,Arrondissement Charleroi,Bezirk Charleroi,VENTEPUBIMMEUB,TOTAL,64.0,39530.0,57000.0,79000.0,105.0,206.0,391.0
102374,52000,Arrondissement de Charleroi,Arrondissement Charleroi,Bezirk Charleroi,TOTAL,TOTAL,4559.0,65000.0,110000.0,159000.0,155.0,343.5,940.0
102375,53000,Arrondissement de Mons,Arrondissement Bergen,Bezirk Mons,CESSION,TOTAL,131.0,83750.0,123750.0,179000.0,149.0,360.0,695.5
102377,53000,Arrondissement de Mons,Arrondissement Bergen,Bezirk Mons,DONATIMMEUB,TOTAL,165.0,50000.0,112500.0,150000.0,334.0,974.0,4500.0
102378,53000,Arrondissement de Mons,Arrondissement Bergen,Bezirk Mons,OTHER,TOTAL,250.0,120000.0,150000.0,210000.0,210.0,736.0,1482.0
102379,53000,Arrondissement de Mons,Arrondissement Bergen,Bezirk Mons,PARTAGE,TOTAL,81.0,96250.0,146250.0,199500.0,160.0,416.0,1115.0
102380,53000,Arrondissement de Mons,Arrondissement Bergen,Bezirk Mons,SUCCNALAT,TOTAL,964.0,4710.45,60000.0,120000.0,200.0,575.0,2090.0
102381,53000,Arrondissement de Mons,Arrondissement Bergen,Bezirk Mons,VENTEIMMEUB,TOTAL,1509.0,65000.0,110000.0,160000.0,135.0,319.0,826.0
102382,53000,Arrondissement de Mons,Arrondissement Bergen,Bezirk Mons,VENTEPUBIMMEUB,TOTAL,30.0,35291.16,40227.915,61000.0,135.0,207.0,370.0
102383,53000,Arrondissement de Mons,Arrondissement Bergen,Bezirk Mons,TOTAL,TOTAL,3170.0,36812.96,90000.0,150000.0,167.0,426.5,1212.0
102384,54000,Arrondissement de Mouscron,Arrondissement Moeskroen,Bezirk Mouscron,CESSION,TOTAL,29.0,130000.0,170000.0,230000.0,200.0,415.0,678.0
102386,54000,Arrondissement de Mouscron,Arrondissement Moeskroen,Bezirk Mouscron,DONATIMMEUB,TOTAL,33.0,52000.0,85000.0,150000.0,200.5,639.5,4384.5
102387,54000,Arrondissement de Mouscron,Arrondissement Moeskroen,Bezirk Mouscron,OTHER,TOTAL,94.0,90000.0,150000.0,165000.0,160.0,266.0,541.0
102388,54000,Arrondissement de Mouscron,Arrondissement Moeskroen,Bezirk Mouscron,PARTAGE,TOTAL,27.0,107500.0,160500.0,250000.0,171.0,372.0,931.0
102389,54000,Arrondissement de Mouscron,Arrondissement Moeskroen,Bezirk Mouscron,SUCCNALAT,TOTAL,148.0,70000.0,95000.0,145000.0,168.0,320.0,889.0
102390,54000,Arrondissement de Mouscron,Arrondissement Moeskroen,Bezirk Mouscron,VENTEIMMEUB,TOTAL,428.0,100000.0,145000.0,192000.0,160.0,262.0,535.0
102391,54000,Arrondissement de Mouscron,Arrondissement Moeskroen,Bezirk Mouscron,VENTEPUBIMMEUB,TOTAL,6.0,204500.0,204500.0,204500.0,30.0,129.5,265.0
102392,54000,Arrondissement de Mouscron,Arrondissement Moeskroen,Bezirk Mouscron,TOTAL,TOTAL,782.0,90000.0,135000.0,187000.0,165.0,288.0,617.0
102393,55000,Arrondissement de Soignies,Arrondissement Zinnik,Bezirk Soignies,CESSION,TOTAL,77.0,110000.0,160000.0,200000.0,180.0,447.0,1050.0
102395,55000,Arrondissement de Soignies,Arrondissement Zinnik,Bezirk Soignies,DONATIMMEUB,TOTAL,261.0,97500.0,135000.0,205000.0,1050.0,3745.0,8482.0
102396,55000,Arrondissement de Soignies,Arrondissement Zinnik,Bezirk Soignies,OTHER,TOTAL,195.0,120000.0,160000.0,220000.0,237.5,516.5,1197.0
102397,55000,Arrondissement de Soignies,Arrondissement Zinnik,Bezirk Soignies,PARTAGE,TOTAL,67.0,150000.0,225000.0,250000.0,312.0,1330.0,8100.0
102398,55000,Arrondissement de Soignies,Arrondissement Zinnik,Bezirk Soignies,SUCCNALAT,TOTAL,783.0,12125.0,90000.0,150000.0,330.0,1040.0,3803.0
102399,55000,Arrondissement de Soignies,Arrondissement Zinnik,Bezirk Soignies,VENTEIMMEUB,TOTAL,1142.0,80000.0,130000.0,209122.5,153.0,434.0,1204.0
102400,55000,Arrondissement de Soignies,Arrondissement Zinnik,Bezirk Soignies,VENTEPUBIMMEUB,TOTAL,7.0,82817.05,166287.96,180144.66,246.0,262.0,1012.0
102401,55000,Arrondissement de Soignies,Arrondissement Zinnik,Bezirk Soignies,TOTAL,TOTAL,2561.0,52000.0,120000.0,180000.0,238.0,750.0,2845.0
102402,56000,Arrondissement de Thuin,Arrondissement Thuin,Bezirk Thuin,CESSION,TOTAL,92.0,45000.0,140000.0,190000.0,297.0,730.0,1331.0
102404,56000,Arrondissement de Thuin,Arrondissement Thuin,Bezirk Thuin,DONATIMMEUB,TOTAL,201.0,50000.0,100000.0,155000.0,1452.0,3530.0,6805.0
102405,56000,Arrondissement de Thuin,Arrondissement Thuin,Bezirk Thuin,OTHER,TOTAL,174.0,70000.0,106933.085,160000.0,350.0,875.5,2290.0
102406,56000,Arrondissement de Thuin,Arrondissement Thuin,Bezirk Thuin,PARTAGE,TOTAL,110.0,75000.0,167500.0,200000.0,510.0,1470.0,4240.0
102407,56000,Arrondissement de Thuin,Arrondissement Thuin,Bezirk Thuin,SUCCNALAT,TOTAL,768.0,25000.0,95000.0,150000.0,287.0,813.0,2410.0
102408,56000,Arrondissement de Thuin,Arrondissement Thuin,Bezirk Thuin,VENTEIMMEUB,TOTAL,889.0,50000.0,110000.0,175000.0,280.0,798.0,2430.0
102409,56000,Arrondissement de Thuin,Arrondissement Thuin,Bezirk Thuin,VENTEPUBIMMEUB,TOTAL,18.0,34467.1,51415.07,56980.96,210.0,674.0,1751.0
102410,56000,Arrondissement de Thuin,Arrondissement Thuin,Bezirk Thuin,TOTAL,TOTAL,2316.0,50000.0,104817.0,165000.0,320.0,980.0,2920.0
102411,57000,Arrondissement de Tournai,Arrondissement Doornik,Bezirk Tournai,CESSION,TOTAL,55.0,100000.0,152500.0,225000.0,250.0,370.0,1167.0
102413,57000,Arrondissement de Tournai,Arrondissement Doornik,Bezirk Tournai,DONATIMMEUB,TOTAL,101.0,14316.0,95000.0,190000.0,494.0,1320.0,3040.0
102414,57000,Arrondissement de Tournai,Arrondissement Doornik,Bezirk Tournai,OTHER,TOTAL,178.0,110000.0,170000.0,210000.0,350.0,678.5,1670.0
102415,57000,Arrondissement de Tournai,Arrondissement Doornik,Bezirk Tournai,PARTAGE,TOTAL,57.0,125000.0,150000.0,235000.0,218.0,639.0,1510.0
102416,57000,Arrondissement de Tournai,Arrondissement Doornik,Bezirk Tournai,SUCCNALAT,TOTAL,698.0,3480.0,35000.0,130000.0,520.0,1546.0,4900.0
102417,57000,Arrondissement de Tournai,Arrondissement Doornik,Bezirk Tournai,VENTEIMMEUB,TOTAL,778.0,80000.0,132500.0,200000.0,215.0,549.0,1202.0
102418,57000,Arrondissement de Tournai,Arrondissement Doornik,Bezirk Tournai,VENTEPUBIMMEUB,TOTAL,13.0,59764.46,77373.96,124851.96,130.0,340.0,1136.0
102419,57000,Arrondissement de Tournai,Arrondissement Doornik,Bezirk Tournai,TOTAL,TOTAL,1919.0,28110.0,110000.0,175000.0,309.0,801.5,2209.0
102420,61000,Arrondissement de Huy,Arrondissement Hoei,Bezirk Huy,CESSION,TOTAL,234.0,97000.0,170000.0,204818.66,460.0,1366.0,4090.0
102422,61000,Arrondissement de Huy,Arrondissement Hoei,Bezirk Huy,DONATIMMEUB,TOTAL,160.0,28000.0,92500.0,145000.0,850.0,2706.5,13975.0
102423,61000,Arrondissement de Huy,Arrondissement Hoei,Bezirk Huy,OTHER,TOTAL,209.0,89704.4,225000.0,260000.0,690.0,2295.5,12450.0
102424,61000,Arrondissement de Huy,Arrondissement Hoei,Bezirk Huy,PARTAGE,TOTAL,241.0,60883.335,180000.0,252500.0,1752.0,5135.0,20577.0
102425,61000,Arrondissement de Huy,Arrondissement Hoei,Bezirk Huy,SUCCNALAT,TOTAL,592.0,18960.0,116000.0,165000.0,577.0,1565.0,5416.5
102426,61000,Arrondissement de Huy,Arrondissement Hoei,Bezirk Huy,VENTEIMMEUB,TOTAL,831.0,80000.0,145000.0,205000.0,370.0,988.5,2193.0
102427,61000,Arrondissement de Huy,Arrondissement Hoei,Bezirk Huy,VENTEPUBIMMEUB,TOTAL,14.0,82815.96,85000.0,146388.36,402.0,926.5,2003.5
102428,61000,Arrondissement de Huy,Arrondissement Hoei,Bezirk Huy,TOTAL,TOTAL,2366.0,60000.0,131330.38,190000.0,530.0,1475.0,4794.0
102429,62000,Arrondissement de Liège,Arrondissement Luik,Bezirk Lüttich,CESSION,TOTAL,182.0,130000.0,180000.0,236000.0,155.0,375.0,825.0
102430,62000,Arrondissement de Liège,Arrondissement Luik,Bezirk Lüttich,COMMUNAUTE,TOTAL,106.0,65691.78,65691.78,65691.78,152.0,321.5,850.0
102431,62000,Arrondissement de Liège,Arrondissement Luik,Bezirk Lüttich,DONATIMMEUB,TOTAL,377.0,100000.0,130000.0,165000.0,227.0,700.0,1620.0
102432,62000,Arrondissement de Liège,Arrondissement Luik,Bezirk Lüttich,OTHER,TOTAL,525.0,100000.0,180000.0,250000.0,230.0,524.0,1165.0
102433,62000,Arrondissement de Liège,Arrondissement Luik,Bezirk Lüttich,PARTAGE,TOTAL,416.0,125000.0,160000.0,205000.0,175.0,400.0,1001.0
102434,62000,Arrondissement de Liège,Arrondissement Luik,Bezirk Lüttich,SUCCNALAT,TOTAL,1728.0,65000.0,118473.0,165000.0,160.0,359.0,1020.0
102435,62000,Arrondissement de Liège,Arrondissement Luik,Bezirk Lüttich,VENTEIMMEUB,TOTAL,3401.0,90000.0,135000.0,189000.0,124.0,250.0,613.0
102436,62000,Arrondissement de Liège,Arrondissement Luik,Bezirk Lüttich,VENTEPUBIMMEUB,TOTAL,96.0,58637.76,97716.96,132000.0,217.0,795.0,3387.0
102437,62000,Arrondissement de Liège,Arrondissement Luik,Bezirk Lüttich,TOTAL,TOTAL,6831.0,81000.0,130000.0,180000.0,147.0,318.0,860.0
102438,63000,Arrondissement de Verviers,Arrondissement Verviers,Bezirk Verviers,CESSION,TOTAL,237.0,134523.79,180458.205,250000.0,244.0,773.0,2930.0
102439,63000,Arrondissement de Verviers,Arrondissement Verviers,Bezirk Verviers,COMMUNAUTE,TOTAL,118.0,770.0,770.0,770.0,444.0,1010.0,2497.0
102440,63000,Arrondissement de Verviers,Arrondissement Verviers,Bezirk Verviers,DONATIMMEUB,TOTAL,499.0,45000.0,107500.0,175000.0,507.5,2109.5,5702.5
102441,63000,Arrondissement de Verviers,Arrondissement Verviers,Bezirk Verviers,OTHER,TOTAL,359.0,90000.0,200000.0,256699.65,242.0,954.0,2837.0
102442,63000,Arrondissement de Verviers,Arrondissement Verviers,Bezirk Verviers,PARTAGE,TOTAL,401.0,125000.0,170000.0,264000.0,866.0,2090.0,4906.0
102443,63000,Arrondissement de Verviers,Arrondissement Verviers,Bezirk Verviers,SUCCNALAT,TOTAL,1089.0,10000.0,92712.5,160000.0,300.0,939.5,2718.0
102444,63000,Arrondissement de Verviers,Arrondissement Verviers,Bezirk Verviers,VENTEIMMEUB,TOTAL,1958.0,68950.0,140000.0,205000.0,232.0,763.0,2035.0
102445,63000,Arrondissement de Verviers,Arrondissement Verviers,Bezirk Verviers,VENTEPUBIMMEUB,TOTAL,24.0,67464.96,94333.36,140621.8,309.0,708.0,1039.0
102446,63000,Arrondissement de Verviers,Arrondissement Verviers,Bezirk Verviers,TOTAL,TOTAL,4685.0,47075.0,125000.0,190000.0,300.0,975.5,2995.0
102447,64000,Arrondissement de Waremme,Arrondissement Borgworm,Bezirk Waremme,CESSION,TOTAL,29.0,45000.0,77500.0,165000.0,622.0,1297.0,4327.0
102449,64000,Arrondissement de Waremme,Arrondissement Borgworm,Bezirk Waremme,DONATIMMEUB,TOTAL,91.0,30000.0,50000.0,150000.0,1188.0,2130.0,7430.0
102450,64000,Arrondissement de Waremme,Arrondissement Borgworm,Bezirk Waremme,OTHER,TOTAL,77.0,125000.0,240000.0,315000.0,414.0,860.0,2044.0
102451,64000,Arrondissement de Waremme,Arrondissement Borgworm,Bezirk Waremme,PARTAGE,TOTAL,92.0,187500.0,244500.0,297500.0,823.0,1755.0,3252.0
102452,64000,Arrondissement de Waremme,Arrondissement Borgworm,Bezirk Waremme,SUCCNALAT,TOTAL,359.0,17500.0,115000.0,187500.0,618.0,1337.0,4490.0
102453,64000,Arrondissement de Waremme,Arrondissement Borgworm,Bezirk Waremme,VENTEIMMEUB,TOTAL,438.0,78000.0,165000.0,225000.0,415.0,922.0,1970.0
102454,64000,Arrondissement de Waremme,Arrondissement Borgworm,Bezirk Waremme,VENTEPUBIMMEUB,TOTAL,5.0,67464.96,97716.96,98666.96,332.0,527.5,664.0
102455,64000,Arrondissement de Waremme,Arrondissement Borgworm,Bezirk Waremme,TOTAL,TOTAL,1123.0,60000.0,140000.0,215000.0,547.5,1144.0,3100.5
102456,71000,Arrondissement de Hasselt,Arrondissement Hasselt,Bezirk Hasselt,CESSION,TOTAL,216.0,117500.0,182500.0,242500.0,484.0,940.0,2328.0
102457,71000,Arrondissement de Hasselt,Arrondissement Hasselt,Bezirk Hasselt,COMMUNAUTE,TOTAL,184.0,43000.0,43000.0,43000.0,464.0,800.0,1363.0
102458,71000,Arrondissement de Hasselt,Arrondissement Hasselt,Bezirk Hasselt,DONATIMMEUB,TOTAL,415.0,120000.0,150000.0,220000.0,477.5,897.0,2407.5
102459,71000,Arrondissement de Hasselt,Arrondissement Hasselt,Bezirk Hasselt,OTHER,TOTAL,708.0,44651.5,187000.0,250000.0,408.0,831.0,1590.0
102460,71000,Arrondissement de Hasselt,Arrondissement Hasselt,Bezirk Hasselt,PARTAGE,TOTAL,162.0,65263.0,167500.0,260000.0,244.0,615.0,915.0
102461,71000,Arrondissement de Hasselt,Arrondissement Hasselt,Bezirk Hasselt,SUCCNALAT,TOTAL,1263.0,8155.0,110000.0,180000.0,553.0,1113.0,2824.0
102462,71000,Arrondissement de Hasselt,Arrondissement Hasselt,Bezirk Hasselt,VENTEIMMEUB,TOTAL,2604.0,120000.0,180000.0,250000.0,345.0,693.0,1347.0
102463,71000,Arrondissement de Hasselt,Arrondissement Hasselt,Bezirk Hasselt,VENTEPUBIMMEUB,TOTAL,58.0,121000.0,142000.0,185000.0,513.0,1170.0,3022.0
102464,71000,Arrondissement de Hasselt,Arrondissement Hasselt,Bezirk Hasselt,TOTAL,TOTAL,5610.0,66000.0,160000.0,225000.0,414.0,819.0,1808.0
102465,72000,Arrondissement de Maaseik,Arrondissement Maaseik,Bezirk Maaseik,CESSION,TOTAL,77.0,116666.66,144000.0,180000.0,354.0,1335.0,3685.0
102467,72000,Arrondissement de Maaseik,Arrondissement Maaseik,Bezirk Maaseik,DONATIMMEUB,TOTAL,156.0,100000.0,165000.0,200000.0,541.0,920.0,1941.0
102468,72000,Arrondissement de Maaseik,Arrondissement Maaseik,Bezirk Maaseik,OTHER,TOTAL,405.0,16000.0,111615.0,170000.0,390.0,782.0,1548.0
102469,72000,Arrondissement de Maaseik,Arrondissement Maaseik,Bezirk Maaseik,PARTAGE,TOTAL,165.0,43300.0,130625.0,210000.0,521.0,818.0,1824.0
102470,72000,Arrondissement de Maaseik,Arrondissement Maaseik,Bezirk Maaseik,SUCCNALAT,TOTAL,538.0,15000.0,126500.0,185000.0,658.0,1094.5,2405.0
102471,72000,Arrondissement de Maaseik,Arrondissement Maaseik,Bezirk Maaseik,VENTEIMMEUB,TOTAL,1339.0,95000.0,180000.0,245000.0,386.0,743.5,1644.0
102472,72000,Arrondissement de Maaseik,Arrondissement Maaseik,Bezirk Maaseik,VENTEPUBIMMEUB,TOTAL,53.0,118200.0,139000.0,165200.0,775.5,1545.0,2810.0
102473,72000,Arrondissement de Maaseik,Arrondissement Maaseik,Bezirk Maaseik,TOTAL,TOTAL,2829.0,77000.0,169000.0,225000.0,465.5,862.0,1841.5
102474,73000,Arrondissement de Tongres,Arrondissement Tongeren,Bezirk Tongeren,CESSION,TOTAL,111.0,100000.0,181250.0,252500.0,280.0,745.0,1620.0
102476,73000,Arrondissement de Tongres,Arrondissement Tongeren,Bezirk Tongeren,DONATIMMEUB,TOTAL,217.0,120000.0,150000.0,200000.0,572.0,1022.0,2452.0
102477,73000,Arrondissement de Tongres,Arrondissement Tongeren,Bezirk Tongeren,OTHER,TOTAL,398.0,150000.0,230000.0,285000.0,303.0,764.0,1920.0
102478,73000,Arrondissement de Tongres,Arrondissement Tongeren,Bezirk Tongeren,PARTAGE,TOTAL,155.0,140000.0,176500.0,230000.0,550.0,1316.5,2919.0
102479,73000,Arrondissement de Tongres,Arrondissement Tongeren,Bezirk Tongeren,SUCCNALAT,TOTAL,966.0,5244.0,57000.0,170000.0,549.5,1043.0,2225.0
102480,73000,Arrondissement de Tongres,Arrondissement Tongeren,Bezirk Tongeren,VENTEIMMEUB,TOTAL,1378.0,80000.0,160000.0,210000.0,337.0,704.5,1807.0
102481,73000,Arrondissement de Tongres,Arrondissement Tongeren,Bezirk Tongeren,VENTEPUBIMMEUB,TOTAL,24.0,117000.0,151000.0,170200.0,280.0,446.0,756.0
102482,73000,Arrondissement de Tongres,Arrondissement Tongeren,Bezirk Tongeren,TOTAL,TOTAL,3399.0,30375.0,145000.0,208400.0,400.0,873.0,2030.0
102483,81000,Arrondissement d'Arlon,Arrondissement Aarlen,Bezirk Arlon,CESSION,TOTAL,46.0,120000.0,180000.0,335000.0,442.0,1113.5,2293.0
102485,81000,Arrondissement d'Arlon,Arrondissement Aarlen,Bezirk Arlon,DONATIMMEUB,TOTAL,101.0,53000.0,107500.0,230000.0,1077.5,1830.0,3030.0
102486,81000,Arrondissement d'Arlon,Arrondissement Aarlen,Bezirk Arlon,OTHER,TOTAL,76.0,135000.0,180000.0,200000.0,208.0,749.5,2830.0
102487,81000,Arrondissement d'Arlon,Arrondissement Aarlen,Bezirk Arlon,PARTAGE,TOTAL,116.0,175000.0,237500.0,335000.0,1070.0,1790.0,3650.0
102488,81000,Arrondissement d'Arlon,Arrondissement Aarlen,Bezirk Arlon,SUCCNALAT,TOTAL,308.0,1225.35,46006.5,195000.0,522.5,1231.5,2799.0
102489,81000,Arrondissement d'Arlon,Arrondissement Aarlen,Bezirk Arlon,VENTEIMMEUB,TOTAL,755.0,88000.0,145000.0,240000.0,306.0,905.5,2075.0
102490,81000,Arrondissement d'Arlon,Arrondissement Aarlen,Bezirk Arlon,VENTEPUBIMMEUB,TOTAL,8.0,156003.96,156003.96,156003.96,387.5,566.0,865.0
102491,81000,Arrondissement d'Arlon,Arrondissement Aarlen,Bezirk Arlon,TOTAL,TOTAL,1424.0,6600.0,140000.0,225000.0,415.0,1189.5,2534.5
102492,82000,Arrondissement de Bastogne,Arrondissement Bastenaken,Bezirk Bastogne,CESSION,TOTAL,106.0,130000.0,165063.49,280000.0,747.0,1590.0,3710.0
102494,82000,Arrondissement de Bastogne,Arrondissement Bastenaken,Bezirk Bastogne,DONATIMMEUB,TOTAL,147.0,21000.0,62500.0,170000.0,770.0,1895.0,5370.0
102495,82000,Arrondissement de Bastogne,Arrondissement Bastenaken,Bezirk Bastogne,OTHER,TOTAL,127.0,73000.0,172500.0,213753.0,955.0,1900.0,4620.0
102496,82000,Arrondissement de Bastogne,Arrondissement Bastenaken,Bezirk Bastogne,PARTAGE,TOTAL,40.0,265000.0,265000.0,265000.0,878.0,1403.0,2717.5
102497,82000,Arrondissement de Bastogne,Arrondissement Bastenaken,Bezirk Bastogne,SUCCNALAT,TOTAL,440.0,560.0,6250.0,100000.0,510.0,1420.0,3500.0
102498,82000,Arrondissement de Bastogne,Arrondissement Bastenaken,Bezirk Bastogne,VENTEIMMEUB,TOTAL,718.0,6000.0,60362.5,140000.0,446.0,1336.0,3300.0
102499,82000,Arrondissement de Bastogne,Arrondissement Bastenaken,Bezirk Bastogne,VENTEPUBIMMEUB,TOTAL,6.0,124000.0,124275.98,124551.96,145.0,742.5,1040.0
102500,82000,Arrondissement de Bastogne,Arrondissement Bastenaken,Bezirk Bastogne,TOTAL,TOTAL,1600.0,2200.0,50000.0,135082.64,555.0,1430.0,3540.0
102501,83000,Arrondissement de Marche-en-Famenne,Arrondissement Marche-en-Famenne,Bezirk Marche-en-Famenne,CESSION,TOTAL,145.0,120500.0,188000.0,242899.175,755.0,1515.0,3080.0
102503,83000,Arrondissement de Marche-en-Famenne,Arrondissement Marche-en-Famenne,Bezirk Marche-en-Famenne,DONATIMMEUB,TOTAL,103.0,45000.0,62500.0,125000.0,736.0,1864.0,3494.0
102504,83000,Arrondissement de Marche-en-Famenne,Arrondissement Marche-en-Famenne,Bezirk Marche-en-Famenne,OTHER,TOTAL,167.0,81902.245,163750.0,202700.0,464.0,1041.0,2952.5
102505,83000,Arrondissement de Marche-en-Famenne,Arrondissement Marche-en-Famenne,Bezirk Marche-en-Famenne,PARTAGE,TOTAL,139.0,25000.0,160000.0,190000.0,900.0,1600.0,2640.0
102506,83000,Arrondissement de Marche-en-Famenne,Arrondissement Marche-en-Famenne,Bezirk Marche-en-Famenne,SUCCNALAT,TOTAL,524.0,1247.5,4972.0,122500.0,660.0,1568.0,3280.0
102507,83000,Arrondissement de Marche-en-Famenne,Arrondissement Marche-en-Famenne,Bezirk Marche-en-Famenne,VENTEIMMEUB,TOTAL,905.0,28000.0,75000.0,180000.0,573.5,1329.5,3555.0
102509,83000,Arrondissement de Marche-en-Famenne,Arrondissement Marche-en-Famenne,Bezirk Marche-en-Famenne,TOTAL,TOTAL,2070.0,2545.0,48950.0,153500.0,634.0,1430.0,3300.0
102510,84000,Arrondissement de Neufchâteau,Arrondissement Neufchâteau,Bezirk Neufchâteau,CESSION,TOTAL,61.0,70000.0,155000.0,220000.0,272.0,820.0,2200.0
102512,84000,Arrondissement de Neufchâteau,Arrondissement Neufchâteau,Bezirk Neufchâteau,DONATIMMEUB,TOTAL,43.0,1800.0,20000.0,35000.0,515.0,1154.0,4437.0
102513,84000,Arrondissement de Neufchâteau,Arrondissement Neufchâteau,Bezirk Neufchâteau,OTHER,TOTAL,97.0,16500.0,125000.0,150000.0,550.0,1576.0,4090.0
102514,84000,Arrondissement de Neufchâteau,Arrondissement Neufchâteau,Bezirk Neufchâteau,PARTAGE,TOTAL,28.0,258000.0,258000.0,258000.0,991.0,1735.5,5430.0
102515,84000,Arrondissement de Neufchâteau,Arrondissement Neufchâteau,Bezirk Neufchâteau,SUCCNALAT,TOTAL,830.0,879.0,3339.5,40000.0,880.0,2200.0,4610.0
102516,84000,Arrondissement de Neufchâteau,Arrondissement Neufchâteau,Bezirk Neufchâteau,VENTEIMMEUB,TOTAL,595.0,5490.0,55000.0,145000.0,490.0,1275.5,3069.5
102517,84000,Arrondissement de Neufchâteau,Arrondissement Neufchâteau,Bezirk Neufchâteau,VENTEPUBIMMEUB,TOTAL,23.0,72444.46,121374.48,187979.855,1200.0,1360.0,3850.0
102518,84000,Arrondissement de Neufchâteau,Arrondissement Neufchâteau,Bezirk Neufchâteau,TOTAL,TOTAL,1691.0,1229.0,7663.5,90000.0,640.0,1660.0,3901.0
102519,85000,Arrondissement de Virton,Arrondissement Virton,Bezirk Virton,CESSION,TOTAL,64.0,80000.0,150000.0,240000.0,333.0,725.0,2735.0
102521,85000,Arrondissement de Virton,Arrondissement Virton,Bezirk Virton,DONATIMMEUB,TOTAL,165.0,50000.0,65000.0,75000.0,495.0,2005.5,3925.0
102522,85000,Arrondissement de Virton,Arrondissement Virton,Bezirk Virton,OTHER,TOTAL,105.0,1040.0,1249.5,152500.0,405.0,1320.0,2350.0
102523,85000,Arrondissement de Virton,Arrondissement Virton,Bezirk Virton,PARTAGE,TOTAL,46.0,205000.0,337500.0,450000.0,286.0,1160.5,2840.0
102524,85000,Arrondissement de Virton,Arrondissement Virton,Bezirk Virton,SUCCNALAT,TOTAL,473.0,963.6,2895.0,90000.0,746.0,1728.5,3230.0
102525,85000,Arrondissement de Virton,Arrondissement Virton,Bezirk Virton,VENTEIMMEUB,TOTAL,735.0,30000.0,115000.0,188000.0,490.0,1420.0,2630.0
102527,85000,Arrondissement de Virton,Arrondissement Virton,Bezirk Virton,TOTAL,TOTAL,1609.0,1322.5,35000.0,145000.0,502.0,1515.0,2990.0
102528,91000,Arrondissement de Dinant,Arrondissement Dinant,Bezirk Dinant,CESSION,TOTAL,20.0,60000.0,70000.0,90000.0,450.0,1425.0,2871.0
102530,91000,Arrondissement de Dinant,Arrondissement Dinant,Bezirk Dinant,DONATIMMEUB,TOTAL,202.0,100000.0,135000.0,170000.0,857.0,2530.0,7730.0
102531,91000,Arrondissement de Dinant,Arrondissement Dinant,Bezirk Dinant,OTHER,TOTAL,186.0,77500.0,180000.0,245000.0,295.0,851.0,1808.0
102532,91000,Arrondissement de Dinant,Arrondissement Dinant,Bezirk Dinant,PARTAGE,TOTAL,130.0,120000.0,150000.0,204000.0,380.0,945.0,3357.0
102533,91000,Arrondissement de Dinant,Arrondissement Dinant,Bezirk Dinant,SUCCNALAT,TOTAL,691.0,1122.0,20000.0,130000.0,377.0,1089.0,2610.0
102534,91000,Arrondissement de Dinant,Arrondissement Dinant,Bezirk Dinant,VENTEIMMEUB,TOTAL,960.0,20500.0,94000.0,170000.0,300.0,817.0,2185.0
102535,91000,Arrondissement de Dinant,Arrondissement Dinant,Bezirk Dinant,VENTEPUBIMMEUB,TOTAL,19.0,30001.0,51762.0,147456.76,288.0,563.0,987.0
102536,91000,Arrondissement de Dinant,Arrondissement Dinant,Bezirk Dinant,TOTAL,TOTAL,2241.0,4957.87,73000.0,150000.0,345.0,980.0,2660.0
102537,92000,Arrondissement de Namur,Arrondissement Namen,Bezirk Namur,CESSION,TOTAL,174.0,150000.0,190000.0,235000.0,335.0,779.0,1412.0
102538,92000,Arrondissement de Namur,Arrondissement Namen,Bezirk Namur,COMMUNAUTE,TOTAL,69.0,300000.0,300000.0,300000.0,379.0,893.0,1625.0
102539,92000,Arrondissement de Namur,Arrondissement Namen,Bezirk Namur,DONATIMMEUB,TOTAL,174.0,78500.0,135000.0,202500.0,583.0,1251.0,5230.0
102540,92000,Arrondissement de Namur,Arrondissement Namen,Bezirk Namur,OTHER,TOTAL,318.0,120000.0,185000.0,255000.0,361.5,894.5,1577.0
102541,92000,Arrondissement de Namur,Arrondissement Namen,Bezirk Namur,PARTAGE,TOTAL,99.0,107500.0,218750.0,303500.0,290.0,751.0,1594.5
102542,92000,Arrondissement de Namur,Arrondissement Namen,Bezirk Namur,SUCCNALAT,TOTAL,1071.0,72500.0,150000.0,200000.0,435.0,1066.0,3320.0
102543,92000,Arrondissement de Namur,Arrondissement Namen,Bezirk Namur,VENTEIMMEUB,TOTAL,1395.0,90000.0,165000.0,240000.0,252.5,677.5,1265.5
102544,92000,Arrondissement de Namur,Arrondissement Namen,Bezirk Namur,VENTEPUBIMMEUB,TOTAL,24.0,67465.0,90091.5,165932.85,168.5,607.5,1089.5
102545,92000,Arrondissement de Namur,Arrondissement Namen,Bezirk Namur,TOTAL,TOTAL,3324.0,87151.5,160000.0,229000.0,321.5,847.0,1819.5
102548,93000,Arrondissement de Philippeville,Arrondissement Philippeville,Bezirk Philippeville,DONATIMMEUB,TOTAL,74.0,27500.0,45000.0,110000.0,860.0,2665.5,8440.0
102549,93000,Arrondissement de Philippeville,Arrondissement Philippeville,Bezirk Philippeville,OTHER,TOTAL,74.0,75000.0,140000.0,215000.0,434.0,878.0,1800.0
102550,93000,Arrondissement de Philippeville,Arrondissement Philippeville,Bezirk Philippeville,PARTAGE,TOTAL,73.0,60000.0,96289.68,195000.0,377.0,1585.5,3884.5
102551,93000,Arrondissement de Philippeville,Arrondissement Philippeville,Bezirk Philippeville,SUCCNALAT,TOTAL,364.0,4274.0,57004.0,121000.0,271.0,949.0,2720.0
102552,93000,Arrondissement de Philippeville,Arrondissement Philippeville,Bezirk Philippeville,VENTEIMMEUB,TOTAL,464.0,25000.0,80000.0,150000.0,230.0,795.0,2250.0
102553,93000,Arrondissement de Philippeville,Arrondissement Philippeville,Bezirk Philippeville,VENTEPUBIMMEUB,TOTAL,7.0,40001.0,43373.98,46746.96,960.0,3928.0,5800.0
102554,93000,Arrondissement de Philippeville,Arrondissement Philippeville,Bezirk Philippeville,TOTAL,TOTAL,1082.0,11054.75,70420.0,147750.0,283.5,950.5,2843.0
